[0.974717   0.97821767 0.97821767 0.974717   0.97821767 0.9814539
 0.9844269  0.9844269  0.98713777 0.9844269  0.9844269  0.98713777
 0.9844269  0.9814539  0.9814539  0.9814539  0.9844269  0.9844269
 0.9814539  0.9844269  0.9844269  0.98713777 0.98958752 0.98713777
 0.98958752 0.99177703 0.99370711 0.99370711 0.99537844 0.99537844
 0.99537844 0.99537844 0.99537844 0.99537844 0.99537844 0.99679163
 0.99794719 0.99884554 0.99884554 0.99884554 0.99884554 0.99884554
 0.99948698 0.99948698 0.99948698 0.99948698 0.99987176 0.99987176
 0.99987176 1.         1.         1.         1.         0.99987176
 0.99948698 0.99884554 0.99884554 0.99794719 0.99884554 0.99884554
 0.99948698 0.99987176 1.         0.99987176 0.99948698 0.99987176
 0.99987176 0.99987176 1.         0.99987176 0.99987176 0.99948698
 0.99948698 0.99948698 0.99987176 0.99987176 0.99987176 1.
 1.         1.         1.         0.99987176 0.99987176 0.99987176
 0.99987176 0.99987176 0.99987176 0.99987176 1.         1.
 1.         0.99987176 0.99987176 0.99987176 0.99987176 0.99948698
 0.99884554 0.99884554 0.99794719 0.99794719 0.99794719 0.99884554
 0.99948698 0.99948698 0.99884554 0.99948698 0.99884554 0.99794719
 0.99794719 0.99794719 0.99884554 0.99884554 0.99948698 0.99948698
 0.99884554 0.99884554 0.99948698 0.99987176 0.99987176 1.
 0.99987176 1.         1.         0.99987176 0.99948698 0.99987176
 0.99948698 0.99884554 0.99794719 0.99794719 0.99884554 0.99794719
 0.99794719 0.99679163 0.99794719 0.99794719 0.99679163 0.99794719
 0.99884554 0.99948698 0.99987176 0.99987176 1.         1.
 1.         0.99987176 0.99987176 0.99987176 1.         0.99987176
 1.         0.99987176 0.99987176 0.99987176 0.99987176 0.99987176
 0.99948698 0.99948698 0.99884554 0.99948698 0.99948698 0.99948698
 0.99948698 0.99987176 0.99987176 0.99948698 0.99884554 0.99884554
 0.99884554 0.99794719 0.99794719 0.99679163 0.99679163 0.99679163
 0.99679163 0.99537844 0.99370711 0.99537844 0.99537844 0.99679163
 0.99679163 0.99679163 0.99679163 0.99794719 0.99794719 0.99794719
 0.99679163 0.99537844 0.99537844 0.99537844 0.99679163 0.99794719
 0.99679163 0.99794719 0.99884554 0.99884554 0.99884554 0.99948698
 0.99884554 0.99884554 0.99948698 0.99948698 0.99884554 0.99884554
 0.99884554 0.99794719 0.99884554 0.99884554 0.99884554 0.99884554
 0.99948698 0.99987176 0.99987176 0.99987176 0.99987176 0.99987176
 0.99948698 0.99987176 1.         0.99987176 0.99948698 0.99884554
 0.99884554 0.99884554 0.99884554 0.99884554 0.99948698 0.99987176
 0.99987176 1.         1.         0.99987176 0.99987176 0.99948698
 0.99884554 0.99794719 0.99679163 0.99537844 0.99537844 0.99679163
 0.99679163 0.99537844 0.99370711 0.99537844 0.99537844 0.99370711
 0.99177703 0.99177703 0.98958752 0.98958752 0.98713777 0.98958752
 0.98958752 0.99177703 0.98958752 0.98958752 0.98713777 0.9844269
 0.9844269  0.9814539  0.9814539  0.9814539  0.9814539  0.9814539
 0.97821767 0.974717   0.974717   0.974717   0.974717   0.97821767
 0.974717   0.974717   0.97095059 0.96691701 0.96261471 0.96261471
 0.95804202 0.95319717 0.94807824 0.94807824 0.95319717 0.95319717
 0.95319717 0.95319717 0.95319717 0.94807824 0.94268319 0.94268319
 0.94268319 0.94268319 0.94807824 0.94268319 0.94268319 0.93700983
 0.93105582 0.9248187  0.9248187  0.91829583 0.91829583 0.91829583
 0.91148441 0.91148441 0.91148441 0.91148441 0.90438146 0.89698382
 0.89698382 0.89698382 0.89698382 0.88928815 0.8812909  0.87298829
 0.87298829 0.86437634 0.86437634 0.87298829 0.87298829 0.86437634
 0.87298829 0.87298829 0.87298829 0.87298829 0.87298829 0.87298829
 0.86437634 0.86437634 0.86437634 0.85545081 0.85545081 0.8462072
 0.85545081 0.85545081 0.85545081 0.85545081 0.85545081 0.8462072
 0.8462072  0.8462072  0.85545081 0.85545081 0.85545081 0.8462072
 0.8462072  0.83664074 0.82674637 0.82674637 0.81651871 0.81651871
 0.82674637 0.81651871 0.80595204 0.80595204 0.80595204 0.79504028
 0.78377695 0.79504028 0.78377695 0.78377695 0.79504028 0.79504028
 0.79504028 0.78377695 0.79504028 0.79504028 0.78377695 0.78377695]