[0.87129078 0.87129078 0.87129078 0.86612368 0.86612368 0.86612368
 0.87129078 0.87634623 0.87634623 0.87129078 0.87129078 0.87129078
 0.87129078 0.87129078 0.87129078 0.87129078 0.87129078 0.87129078
 0.86612368 0.86612368 0.87129078 0.87129078 0.87129078 0.87129078
 0.87129078 0.87129078 0.87634623 0.87634623 0.8812909  0.8812909
 0.8812909  0.88612565 0.88612565 0.8908513  0.8908513  0.8908513
 0.89546864 0.89546864 0.89546864 0.89546864 0.89546864 0.89546864
 0.89546864 0.89546864 0.89997845 0.90438146 0.90438146 0.90438146
 0.90438146 0.90438146 0.90867838 0.90867838 0.90867838 0.90867838
 0.90867838 0.90867838 0.90867838 0.90867838 0.90438146 0.90867838
 0.91286992 0.90867838 0.90438146 0.90867838 0.90867838 0.90867838
 0.90867838 0.91286992 0.91286992 0.91286992 0.91286992 0.90867838
 0.90438146 0.89997845 0.89997845 0.89997845 0.89997845 0.89997845
 0.90438146 0.90438146 0.90438146 0.90438146 0.90438146 0.89997845
 0.89546864 0.8908513  0.88612565 0.8812909  0.87634623 0.87634623
 0.87634623 0.87634623 0.87129078 0.87129078 0.87129078 0.87129078
 0.87634623 0.8812909  0.8812909  0.8812909  0.8812909  0.87634623
 0.87634623 0.87634623 0.87634623 0.87129078 0.87634623 0.87634623
 0.87634623 0.87129078 0.86612368 0.87129078 0.86612368 0.87129078
 0.87634623 0.87129078 0.86612368 0.86612368 0.87129078 0.87634623
 0.8812909  0.87634623 0.87634623 0.8812909  0.88612565 0.8812909
 0.8812909  0.8812909  0.8812909  0.8812909  0.8812909  0.8812909
 0.8812909  0.8812909  0.87634623 0.87129078 0.87129078 0.86612368
 0.86612368 0.86612368 0.86084401 0.85545081 0.85545081 0.85545081
 0.84994311 0.84994311 0.84994311 0.84994311 0.84431989 0.8385801
 0.8385801  0.8385801  0.8385801  0.8385801  0.83272264 0.82674637
 0.82065013 0.82065013 0.82065013 0.82065013 0.81443269 0.81443269
 0.81443269 0.81443269 0.81443269 0.81443269 0.80809278 0.80809278
 0.80809278 0.80809278 0.80809278 0.8016291  0.79504028 0.79504028
 0.7883249  0.78148149 0.77450853 0.77450853 0.77450853 0.77450853
 0.77450853 0.77450853 0.77450853 0.77450853 0.77450853 0.76740442
 0.7601675  0.7601675  0.7601675  0.7601675  0.7601675  0.7601675
 0.7601675  0.7601675  0.7601675  0.7601675  0.7601675  0.7601675
 0.75279607 0.74528831 0.74528831 0.74528831 0.73764238 0.72985632
 0.72192809 0.7138556  0.7138556  0.70563661 0.70563661 0.70563661
 0.70563661 0.70563661 0.70563661 0.69726882 0.68874981 0.68874981
 0.68874981 0.68874981 0.68874981 0.68874981 0.68874981 0.68874981
 0.69726882 0.68874981 0.68874981 0.68874981 0.68007705 0.68007705
 0.68007705 0.67124789 0.68007705 0.67124789 0.67124789 0.66225955
 0.65310911 0.65310911 0.64379352 0.63430955 0.63430955 0.63430955
 0.64379352 0.64379352 0.64379352 0.64379352 0.64379352 0.63430955
 0.62465382 0.62465382 0.61482276 0.61482276 0.60481259 0.60481259
 0.60481259 0.60481259 0.60481259 0.60481259 0.59461934 0.58423881
 0.58423881 0.58423881 0.58423881 0.58423881 0.58423881 0.59461934
 0.59461934 0.58423881]