[0.99884554 0.99884554 0.99971144 1.         0.99971144 1.
 0.99971144 0.99884554 0.99884554 0.99884554 0.99884554 0.99740159
 0.99537844 0.99537844 0.99537844 0.99277445 0.99277445 0.99537844
 0.99740159 0.99884554 0.99971144 0.99884554 0.99884554 0.99740159
 0.99884554 0.99971144 0.99971144 1.         0.99971144 0.99971144
 0.99884554 0.99884554 0.99740159 0.99740159 0.99884554 0.99884554
 0.99884554 0.99971144 1.         1.         1.         0.99971144
 1.         1.         1.         1.         1.         1.
 1.         1.         1.         0.99971144 0.99884554 0.99971144
 0.99971144 0.99971144 0.99971144 1.         0.99971144 0.99971144
 1.         0.99971144 0.99971144 1.         1.         1.
 0.99971144 0.99971144 0.99884554 0.99740159 0.99740159 0.99740159
 0.99740159 0.99884554 0.99884554 0.99971144 0.99884554 0.99884554
 0.99884554 0.99971144 1.         0.99971144 0.99971144 1.
 1.         0.99971144 0.99884554 0.99884554 0.99971144 0.99971144
 0.99971144 0.99971144 0.99971144 0.99971144 0.99884554 0.99884554
 0.99740159 0.99740159 0.99740159 0.99740159 0.99740159 0.99537844
 0.99537844 0.99537844 0.99740159 0.99537844 0.99537844 0.99740159
 0.99537844 0.99740159 0.99884554 0.99884554 0.99884554 0.99740159
 0.99537844 0.99537844 0.99277445 0.99277445 0.98958752 0.98581504
 0.98581504 0.98958752 0.98958752 0.98958752 0.98958752 0.98581504
 0.98958752 0.98958752 0.99277445 0.99277445 0.99537844 0.99537844
 0.99740159 0.99537844 0.99537844 0.99740159 0.99740159 0.99537844
 0.99277445 0.98958752 0.98958752 0.98958752 0.98958752 0.98958752
 0.98958752 0.98958752 0.98958752 0.98958752 0.98958752 0.98581504
 0.9814539  0.9814539  0.98581504 0.9814539  0.97650047 0.97095059
 0.96479955 0.95804202 0.95804202 0.95067209 0.94268319 0.93406806
 0.9248187  0.9248187  0.91492637 0.91492637 0.91492637 0.91492637
 0.91492637 0.91492637 0.90438146 0.90438146 0.89317346 0.8812909
 0.8812909  0.86872125 0.86872125 0.86872125 0.86872125 0.85545081
 0.84146464 0.82674637 0.81127812 0.81127812 0.81127812 0.81127812
 0.81127812 0.79504028 0.7780113  0.7780113  0.7780113  0.7780113
 0.7780113  0.7601675  0.7601675  0.74148274 0.74148274 0.74148274
 0.74148274 0.74148274 0.74148274 0.74148274 0.74148274 0.74148274
 0.72192809 0.72192809 0.72192809 0.70147146 0.70147146 0.68007705
 0.65770478 0.65770478 0.68007705 0.68007705 0.68007705 0.68007705
 0.68007705 0.65770478 0.65770478 0.65770478 0.63430955 0.6098403
 0.58423881 0.58423881 0.55743819 0.55743819 0.52936087 0.49991596
 0.46899559 0.46899559 0.43646982 0.43646982 0.40217919 0.40217919
 0.36592365 0.32744492 0.32744492 0.32744492 0.32744492 0.32744492
 0.32744492 0.32744492 0.28639696 0.28639696 0.28639696 0.24229219
 0.24229219 0.19439186 0.14144054 0.14144054 0.14144054 0.14144054
 0.08079314 0.08079314 0.08079314 0.08079314 0.08079314 0.08079314
 0.08079314 0.08079314 0.14144054 0.19439186 0.19439186 0.19439186
 0.19439186 0.19439186 0.19439186 0.19439186 0.19439186 0.19439186
 0.19439186 0.19439186 0.19439186 0.19439186 0.19439186 0.19439186
 0.19439186 0.19439186 0.19439186 0.19439186 0.19439186 0.19439186
 0.19439186 0.19439186 0.19439186 0.19439186 0.19439186 0.19439186
 0.19439186 0.24229219 0.24229219 0.24229219 0.24229219 0.24229219
 0.24229219 0.24229219 0.24229219 0.24229219 0.24229219 0.28639696
 0.28639696 0.28639696 0.28639696 0.28639696 0.28639696 0.28639696
 0.28639696 0.28639696 0.28639696 0.28639696 0.28639696 0.28639696
 0.24229219 0.24229219 0.24229219 0.24229219 0.24229219 0.24229219
 0.24229219 0.24229219 0.24229219 0.24229219 0.24229219 0.24229219
 0.24229219 0.24229219 0.24229219 0.28639696 0.28639696 0.32744492
 0.32744492 0.32744492 0.32744492 0.32744492 0.32744492 0.32744492
 0.32744492 0.32744492 0.32744492 0.36592365 0.36592365 0.36592365
 0.36592365 0.40217919 0.40217919 0.40217919 0.40217919 0.40217919
 0.40217919 0.40217919 0.40217919 0.40217919 0.40217919 0.40217919
 0.40217919 0.40217919 0.40217919 0.40217919 0.40217919 0.40217919
 0.36592365 0.32744492 0.32744492 0.32744492 0.36592365 0.40217919
 0.40217919 0.40217919 0.40217919 0.40217919 0.40217919 0.40217919
 0.40217919 0.40217919 0.40217919 0.43646982 0.43646982 0.43646982
 0.43646982 0.43646982 0.43646982 0.43646982 0.43646982 0.43646982
 0.43646982 0.43646982 0.43646982 0.43646982 0.43646982 0.40217919
 0.40217919 0.40217919 0.40217919 0.40217919 0.40217919 0.40217919
 0.40217919 0.40217919 0.40217919 0.36592365 0.36592365 0.36592365
 0.36592365 0.36592365 0.36592365 0.36592365 0.36592365 0.36592365
 0.36592365 0.36592365 0.36592365 0.36592365 0.36592365 0.36592365
 0.36592365 0.36592365 0.36592365 0.36592365 0.36592365 0.36592365
 0.36592365 0.36592365 0.36592365 0.36592365 0.36592365 0.36592365
 0.36592365 0.32744492 0.32744492 0.28639696 0.28639696 0.28639696
 0.28639696 0.28639696 0.28639696 0.28639696 0.28639696 0.28639696
 0.28639696 0.24229219 0.24229219 0.24229219 0.24229219 0.19439186
 0.19439186 0.19439186 0.19439186 0.19439186 0.19439186 0.19439186
 0.19439186 0.19439186 0.19439186 0.19439186 0.19439186 0.19439186
 0.19439186 0.19439186 0.24229219 0.24229219 0.24229219 0.24229219
 0.24229219 0.24229219 0.19439186 0.14144054 0.14144054 0.14144054
 0.14144054 0.14144054 0.14144054 0.19439186 0.19439186 0.19439186
 0.19439186 0.14144054 0.14144054 0.14144054 0.14144054 0.14144054
 0.14144054 0.14144054 0.14144054 0.14144054 0.19439186 0.19439186
 0.19439186 0.19439186 0.19439186 0.24229219 0.24229219 0.24229219
 0.24229219 0.24229219 0.28639696 0.28639696 0.28639696 0.28639696
 0.28639696 0.28639696 0.28639696 0.28639696 0.28639696 0.28639696
 0.28639696 0.28639696 0.28639696 0.28639696 0.28639696 0.28639696
 0.28639696 0.28639696 0.28639696 0.28639696 0.28639696 0.28639696
 0.28639696 0.28639696 0.28639696 0.28639696 0.28639696 0.28639696
 0.28639696 0.28639696 0.28639696 0.28639696 0.28639696 0.28639696
 0.28639696 0.32744492 0.32744492 0.32744492 0.32744492 0.36592365
 0.36592365 0.36592365 0.36592365 0.36592365 0.36592365 0.36592365
 0.36592365 0.36592365 0.36592365 0.36592365 0.36592365 0.36592365
 0.40217919 0.40217919 0.40217919 0.40217919 0.43646982 0.43646982
 0.43646982 0.43646982 0.43646982 0.43646982 0.43646982 0.43646982
 0.40217919 0.40217919 0.40217919 0.43646982 0.43646982 0.43646982
 0.43646982 0.43646982 0.43646982 0.43646982 0.43646982 0.43646982
 0.43646982 0.43646982 0.43646982 0.43646982 0.43646982 0.43646982
 0.43646982 0.43646982 0.43646982 0.43646982 0.43646982 0.43646982
 0.43646982 0.46899559 0.43646982 0.43646982 0.43646982 0.43646982
 0.43646982 0.40217919 0.40217919 0.40217919 0.40217919 0.43646982
 0.40217919 0.40217919 0.40217919 0.43646982 0.43646982 0.43646982
 0.43646982 0.43646982 0.43646982 0.43646982 0.43646982 0.43646982
 0.43646982 0.43646982 0.43646982 0.43646982 0.43646982 0.43646982
 0.43646982 0.43646982 0.43646982 0.43646982 0.43646982 0.43646982
 0.43646982 0.43646982 0.43646982 0.43646982 0.43646982 0.43646982
 0.43646982 0.43646982 0.43646982 0.43646982 0.43646982 0.40217919
 0.40217919 0.40217919 0.40217919 0.36592365 0.36592365 0.36592365
 0.36592365 0.36592365 0.36592365 0.36592365 0.40217919 0.40217919
 0.40217919 0.43646982 0.43646982 0.43646982 0.40217919 0.40217919
 0.43646982 0.43646982 0.40217919 0.40217919 0.40217919 0.40217919
 0.40217919 0.40217919 0.40217919 0.40217919 0.40217919 0.40217919
 0.40217919 0.36592365 0.36592365 0.36592365 0.36592365 0.36592365
 0.36592365 0.36592365 0.40217919 0.40217919 0.40217919 0.36592365
 0.36592365 0.36592365 0.36592365 0.36592365 0.36592365 0.36592365
 0.36592365 0.36592365 0.36592365 0.36592365 0.36592365 0.32744492
 0.32744492 0.32744492 0.32744492 0.32744492 0.32744492 0.32744492
 0.32744492 0.32744492 0.32744492 0.28639696 0.28639696 0.28639696
 0.28639696 0.24229219 0.24229219 0.24229219 0.24229219 0.24229219
 0.24229219 0.24229219 0.24229219 0.24229219 0.24229219 0.24229219
 0.24229219 0.24229219 0.24229219 0.24229219 0.24229219 0.24229219
 0.24229219 0.24229219 0.24229219 0.24229219 0.24229219 0.24229219
 0.24229219 0.24229219 0.24229219 0.24229219 0.24229219 0.24229219
 0.24229219 0.24229219 0.24229219 0.24229219 0.24229219 0.24229219
 0.24229219 0.24229219 0.24229219 0.24229219 0.24229219 0.24229219
 0.24229219 0.24229219 0.19439186 0.19439186 0.19439186 0.14144054
 0.14144054 0.14144054 0.14144054 0.14144054 0.08079314 0.08079314
 0.08079314 0.08079314 0.08079314 0.08079314 0.08079314 0.08079314
 0.08079314 0.08079314 0.08079314 0.08079314 0.14144054 0.14144054
 0.14144054 0.14144054 0.14144054 0.14144054 0.14144054 0.14144054
 0.08079314 0.08079314 0.08079314 0.08079314 0.08079314 0.08079314
 0.08079314 0.08079314 0.08079314 0.08079314 0.08079314 0.08079314
 0.08079314 0.08079314 0.08079314 0.08079314 0.08079314 0.08079314
 0.08079314 0.08079314 0.08079314 0.08079314 0.08079314 0.08079314
 0.08079314 0.08079314 0.08079314 0.08079314 0.08079314 0.08079314
 0.08079314 0.08079314 0.08079314 0.08079314 0.08079314 0.08079314
 0.08079314 0.08079314 0.08079314 0.08079314 0.08079314 0.08079314
 0.08079314 0.14144054 0.14144054 0.14144054 0.14144054 0.14144054
 0.14144054 0.14144054 0.14144054 0.14144054 0.14144054 0.14144054
 0.14144054 0.14144054 0.14144054 0.14144054 0.14144054 0.14144054
 0.14144054 0.14144054 0.14144054 0.14144054 0.14144054 0.14144054
 0.14144054 0.14144054 0.14144054 0.14144054 0.14144054 0.14144054
 0.14144054 0.14144054 0.19439186 0.19439186 0.19439186 0.19439186
 0.19439186 0.19439186 0.19439186 0.19439186 0.19439186 0.24229219
 0.24229219 0.28639696 0.28639696 0.28639696 0.28639696 0.28639696
 0.28639696 0.28639696 0.28639696 0.32744492 0.32744492 0.32744492
 0.32744492 0.32744492 0.32744492 0.32744492 0.32744492 0.32744492
 0.32744492 0.32744492 0.32744492 0.32744492 0.32744492 0.32744492
 0.32744492 0.32744492 0.32744492 0.32744492 0.32744492 0.36592365
 0.36592365 0.36592365 0.36592365 0.36592365 0.36592365 0.40217919
 0.40217919 0.40217919 0.40217919 0.40217919 0.40217919 0.40217919
 0.40217919 0.40217919 0.40217919 0.40217919 0.40217919 0.40217919
 0.40217919 0.40217919 0.40217919 0.40217919 0.40217919 0.40217919
 0.40217919 0.40217919 0.40217919 0.40217919 0.40217919 0.36592365
 0.36592365 0.36592365 0.36592365 0.36592365 0.36592365 0.36592365
 0.36592365 0.36592365 0.36592365 0.36592365 0.36592365 0.36592365
 0.36592365 0.36592365 0.36592365 0.36592365 0.36592365 0.36592365
 0.36592365 0.36592365 0.36592365 0.36592365 0.36592365 0.36592365
 0.36592365 0.36592365 0.36592365 0.36592365 0.36592365 0.36592365
 0.32744492 0.32744492 0.32744492 0.32744492 0.32744492 0.32744492
 0.32744492 0.32744492 0.32744492 0.28639696 0.28639696 0.24229219
 0.24229219 0.24229219 0.24229219 0.24229219 0.24229219 0.24229219
 0.19439186 0.14144054 0.14144054 0.14144054 0.19439186 0.19439186
 0.19439186 0.19439186 0.19439186 0.19439186 0.19439186 0.19439186
 0.19439186 0.19439186 0.19439186 0.19439186 0.19439186 0.19439186
 0.19439186 0.19439186 0.19439186 0.14144054 0.14144054 0.14144054
 0.14144054 0.14144054 0.14144054 0.08079314 0.08079314 0.14144054
 0.19439186 0.19439186 0.19439186 0.19439186 0.19439186 0.19439186
 0.24229219 0.24229219 0.24229219 0.28639696 0.32744492 0.32744492
 0.32744492 0.36592365 0.36592365 0.40217919 0.40217919 0.40217919
 0.40217919 0.43646982 0.43646982 0.43646982 0.43646982 0.43646982
 0.43646982 0.43646982 0.43646982 0.43646982 0.43646982 0.43646982
 0.43646982 0.43646982 0.43646982 0.43646982 0.43646982 0.43646982
 0.43646982 0.43646982 0.43646982 0.43646982 0.46899559 0.46899559
 0.46899559 0.49991596 0.49991596 0.52936087 0.52936087 0.52936087
 0.52936087 0.52936087 0.52936087 0.52936087 0.52936087 0.52936087
 0.52936087 0.52936087 0.52936087 0.52936087 0.52936087 0.52936087
 0.52936087 0.52936087 0.52936087 0.52936087 0.52936087 0.52936087
 0.52936087 0.52936087 0.52936087 0.52936087 0.52936087 0.52936087
 0.52936087 0.52936087 0.49991596 0.49991596 0.49991596 0.49991596
 0.49991596 0.49991596 0.49991596 0.49991596 0.49991596 0.49991596
 0.49991596 0.49991596 0.49991596 0.49991596 0.49991596 0.49991596
 0.49991596 0.49991596 0.49991596 0.49991596 0.49991596 0.49991596
 0.49991596 0.49991596 0.49991596 0.46899559 0.43646982 0.43646982
 0.43646982 0.43646982 0.43646982 0.43646982 0.40217919 0.40217919
 0.40217919 0.36592365 0.32744492 0.32744492 0.32744492 0.28639696
 0.28639696 0.24229219 0.24229219 0.24229219 0.24229219 0.19439186
 0.19439186 0.19439186 0.19439186 0.19439186 0.19439186 0.19439186
 0.19439186 0.19439186 0.19439186 0.19439186 0.19439186 0.24229219
 0.28639696 0.28639696 0.28639696 0.28639696 0.28639696 0.28639696
 0.28639696 0.28639696 0.24229219 0.24229219 0.24229219 0.19439186
 0.19439186 0.14144054 0.14144054 0.14144054 0.14144054 0.14144054
 0.14144054 0.14144054 0.14144054 0.14144054 0.14144054 0.14144054
 0.14144054 0.14144054 0.19439186 0.19439186 0.19439186 0.19439186
 0.19439186 0.19439186 0.19439186 0.24229219 0.28639696 0.28639696
 0.28639696 0.28639696 0.28639696 0.28639696 0.28639696 0.28639696
 0.28639696 0.28639696 0.28639696 0.28639696 0.32744492 0.32744492
 0.32744492 0.32744492 0.32744492 0.32744492 0.32744492 0.32744492
 0.36592365 0.36592365 0.36592365 0.36592365 0.36592365 0.36592365
 0.36592365 0.36592365 0.36592365 0.36592365 0.36592365 0.36592365
 0.36592365 0.36592365 0.36592365 0.36592365 0.36592365 0.36592365
 0.36592365 0.36592365 0.36592365 0.36592365 0.36592365 0.36592365
 0.36592365 0.36592365 0.36592365 0.36592365 0.36592365 0.36592365
 0.36592365 0.36592365 0.36592365 0.36592365 0.36592365 0.36592365
 0.40217919 0.40217919 0.40217919 0.40217919 0.40217919 0.40217919
 0.40217919 0.40217919 0.40217919 0.36592365 0.32744492 0.32744492
 0.32744492 0.32744492 0.32744492 0.32744492 0.32744492 0.36592365
 0.36592365 0.36592365 0.36592365 0.40217919 0.40217919 0.40217919
 0.40217919 0.40217919 0.40217919 0.40217919 0.43646982 0.43646982
 0.43646982 0.43646982 0.43646982 0.43646982 0.43646982 0.43646982
 0.40217919 0.40217919 0.40217919 0.40217919 0.40217919 0.40217919
 0.40217919 0.36592365 0.32744492 0.32744492 0.32744492 0.32744492
 0.32744492 0.32744492 0.32744492 0.32744492 0.32744492 0.32744492
 0.32744492 0.32744492 0.28639696 0.28639696 0.28639696 0.28639696
 0.28639696 0.28639696 0.28639696 0.28639696 0.24229219 0.24229219
 0.24229219 0.24229219 0.24229219 0.24229219 0.24229219 0.24229219
 0.24229219 0.24229219 0.24229219 0.24229219 0.24229219 0.24229219
 0.24229219 0.24229219 0.24229219 0.24229219 0.24229219 0.24229219
 0.24229219 0.24229219 0.24229219 0.24229219 0.24229219 0.24229219
 0.24229219 0.24229219 0.24229219 0.24229219 0.24229219 0.24229219
 0.24229219 0.24229219 0.24229219 0.24229219 0.19439186 0.19439186
 0.19439186 0.19439186 0.19439186 0.19439186 0.19439186 0.19439186
 0.19439186 0.19439186 0.19439186 0.19439186 0.19439186 0.19439186
 0.19439186 0.19439186 0.19439186 0.14144054 0.14144054 0.14144054
 0.14144054 0.08079314 0.08079314 0.08079314 0.08079314 0.08079314
 0.08079314 0.08079314 0.08079314 0.08079314 0.14144054 0.14144054
 0.14144054 0.14144054 0.14144054 0.19439186 0.24229219 0.24229219
 0.24229219 0.24229219 0.24229219 0.24229219 0.24229219 0.24229219
 0.24229219 0.24229219 0.24229219 0.24229219 0.24229219 0.24229219
 0.24229219 0.24229219 0.24229219 0.24229219 0.24229219 0.28639696
 0.28639696 0.28639696 0.28639696 0.28639696 0.32744492 0.32744492
 0.32744492 0.32744492 0.32744492 0.32744492 0.32744492 0.32744492
 0.32744492 0.32744492 0.32744492 0.32744492 0.32744492 0.32744492
 0.32744492 0.32744492 0.32744492 0.32744492 0.32744492 0.32744492
 0.32744492 0.32744492 0.32744492 0.32744492 0.32744492 0.32744492
 0.32744492 0.32744492 0.32744492 0.32744492 0.32744492 0.32744492
 0.32744492 0.32744492 0.32744492 0.32744492 0.32744492 0.32744492
 0.32744492 0.32744492 0.32744492 0.32744492 0.32744492 0.32744492
 0.32744492 0.32744492 0.32744492 0.32744492 0.32744492 0.32744492
 0.32744492 0.32744492 0.32744492 0.32744492 0.32744492 0.32744492
 0.32744492 0.32744492 0.32744492 0.32744492 0.32744492 0.32744492
 0.32744492 0.32744492 0.32744492 0.36592365 0.36592365 0.36592365
 0.32744492 0.32744492 0.28639696 0.28639696 0.28639696 0.28639696
 0.28639696 0.24229219 0.19439186 0.19439186 0.19439186 0.19439186
 0.19439186 0.19439186 0.19439186 0.19439186 0.19439186 0.19439186
 0.19439186 0.19439186 0.19439186 0.19439186 0.19439186 0.19439186
 0.19439186 0.19439186 0.19439186 0.14144054 0.14144054 0.14144054
 0.14144054 0.14144054 0.08079314 0.08079314 0.08079314 0.08079314
 0.08079314 0.08079314 0.08079314 0.08079314 0.08079314 0.08079314
 0.08079314 0.08079314 0.08079314 0.08079314 0.08079314 0.14144054
 0.14144054 0.14144054 0.14144054 0.14144054 0.14144054 0.14144054
 0.14144054 0.14144054 0.19439186 0.19439186 0.19439186 0.19439186
 0.24229219 0.24229219 0.24229219 0.24229219 0.28639696 0.28639696
 0.28639696 0.28639696 0.28639696 0.28639696 0.28639696 0.28639696
 0.28639696 0.32744492 0.32744492 0.32744492 0.32744492 0.32744492
 0.32744492 0.32744492 0.32744492 0.32744492 0.32744492 0.32744492
 0.32744492 0.32744492 0.32744492 0.36592365 0.40217919 0.40217919
 0.40217919 0.40217919 0.40217919 0.40217919 0.40217919 0.40217919
 0.40217919 0.36592365 0.36592365 0.36592365 0.36592365 0.40217919
 0.40217919 0.40217919 0.40217919 0.40217919 0.40217919 0.40217919
 0.40217919 0.40217919 0.43646982 0.46899559 0.46899559 0.46899559
 0.46899559 0.46899559 0.46899559 0.46899559 0.46899559 0.46899559
 0.46899559 0.46899559 0.46899559 0.46899559 0.46899559 0.46899559
 0.46899559 0.46899559 0.46899559 0.46899559 0.46899559 0.46899559
 0.46899559 0.46899559 0.46899559 0.46899559 0.46899559 0.46899559
 0.46899559 0.46899559 0.46899559 0.46899559 0.46899559 0.46899559
 0.46899559 0.46899559 0.46899559 0.43646982 0.43646982 0.43646982
 0.43646982 0.43646982 0.43646982 0.43646982 0.43646982 0.43646982
 0.40217919 0.40217919 0.40217919 0.43646982 0.40217919 0.40217919
 0.40217919 0.43646982 0.40217919 0.40217919 0.43646982 0.43646982
 0.43646982 0.43646982 0.43646982 0.43646982 0.43646982 0.40217919
 0.40217919 0.40217919 0.40217919 0.40217919 0.40217919 0.40217919
 0.40217919 0.40217919 0.40217919 0.40217919 0.40217919 0.40217919
 0.40217919 0.36592365 0.32744492 0.32744492 0.32744492 0.32744492
 0.32744492 0.32744492 0.32744492 0.32744492 0.32744492 0.32744492
 0.32744492 0.32744492 0.32744492 0.28639696 0.28639696 0.28639696
 0.28639696 0.28639696 0.28639696 0.28639696 0.28639696 0.28639696
 0.24229219 0.24229219 0.24229219 0.24229219 0.24229219 0.24229219
 0.24229219 0.24229219 0.24229219 0.24229219 0.24229219 0.24229219
 0.24229219 0.24229219 0.24229219 0.24229219 0.24229219 0.24229219
 0.24229219 0.24229219 0.24229219 0.24229219 0.24229219 0.24229219
 0.24229219 0.24229219 0.24229219 0.24229219 0.24229219 0.24229219
 0.24229219 0.24229219 0.28639696 0.28639696 0.28639696 0.28639696
 0.28639696 0.28639696 0.28639696 0.28639696 0.28639696 0.28639696
 0.32744492 0.32744492 0.32744492 0.32744492 0.32744492 0.32744492
 0.32744492 0.28639696 0.28639696 0.32744492 0.32744492 0.28639696
 0.28639696 0.28639696 0.24229219 0.24229219 0.28639696 0.28639696
 0.28639696 0.28639696 0.28639696 0.28639696 0.32744492 0.32744492
 0.32744492 0.32744492 0.32744492 0.32744492 0.32744492 0.32744492
 0.32744492 0.32744492 0.32744492 0.32744492 0.32744492 0.32744492
 0.32744492 0.32744492 0.32744492 0.32744492 0.32744492 0.32744492
 0.32744492 0.32744492 0.32744492 0.32744492 0.32744492 0.32744492
 0.32744492 0.32744492 0.32744492 0.32744492 0.32744492 0.32744492
 0.32744492 0.32744492 0.32744492 0.32744492 0.32744492 0.28639696
 0.28639696 0.28639696 0.28639696 0.28639696 0.28639696 0.28639696
 0.28639696 0.28639696 0.28639696 0.28639696 0.28639696 0.28639696
 0.28639696 0.28639696 0.28639696 0.28639696 0.28639696 0.28639696
 0.32744492 0.32744492 0.32744492 0.32744492 0.32744492 0.32744492
 0.32744492 0.32744492 0.32744492 0.36592365 0.36592365 0.36592365
 0.32744492 0.32744492 0.32744492 0.36592365 0.36592365 0.36592365
 0.36592365 0.36592365 0.36592365 0.36592365 0.32744492 0.32744492
 0.32744492 0.32744492 0.32744492 0.32744492 0.32744492 0.32744492
 0.32744492 0.28639696 0.28639696 0.28639696 0.28639696 0.28639696
 0.28639696 0.28639696 0.24229219 0.24229219 0.24229219 0.28639696
 0.28639696 0.28639696 0.24229219 0.24229219 0.24229219 0.24229219
 0.24229219 0.24229219 0.24229219 0.24229219 0.24229219 0.24229219
 0.24229219 0.24229219 0.24229219 0.24229219 0.24229219 0.24229219
 0.24229219 0.24229219 0.28639696 0.28639696 0.28639696 0.28639696
 0.28639696 0.28639696 0.28639696 0.28639696 0.28639696 0.28639696
 0.28639696 0.28639696 0.28639696 0.28639696 0.28639696 0.28639696
 0.28639696 0.28639696 0.28639696 0.28639696 0.28639696 0.28639696
 0.32744492 0.32744492 0.32744492 0.32744492 0.32744492 0.32744492
 0.32744492 0.36592365 0.36592365 0.36592365 0.36592365 0.36592365
 0.36592365 0.36592365 0.36592365 0.36592365 0.32744492 0.32744492
 0.32744492 0.32744492 0.32744492 0.32744492 0.32744492 0.32744492
 0.32744492 0.28639696 0.28639696 0.28639696 0.28639696 0.28639696
 0.28639696 0.24229219 0.24229219 0.24229219 0.24229219 0.24229219
 0.24229219 0.24229219 0.24229219 0.24229219 0.24229219 0.24229219
 0.24229219 0.24229219 0.28639696 0.28639696 0.28639696 0.28639696
 0.28639696 0.28639696 0.28639696 0.32744492 0.32744492 0.32744492
 0.32744492 0.32744492 0.32744492 0.28639696 0.28639696 0.28639696
 0.28639696 0.28639696 0.32744492 0.32744492 0.32744492 0.32744492
 0.36592365 0.36592365 0.36592365 0.40217919 0.40217919 0.43646982
 0.43646982 0.43646982 0.43646982 0.43646982 0.43646982 0.43646982
 0.43646982 0.43646982 0.43646982 0.43646982 0.43646982 0.43646982
 0.43646982 0.43646982 0.46899559 0.49991596 0.49991596 0.49991596
 0.49991596 0.49991596 0.49991596 0.49991596 0.49991596 0.49991596
 0.49991596 0.49991596 0.49991596 0.49991596 0.46899559 0.46899559
 0.46899559 0.46899559 0.46899559 0.46899559 0.46899559 0.43646982
 0.43646982 0.43646982 0.43646982 0.43646982 0.43646982 0.43646982
 0.43646982 0.43646982 0.43646982 0.43646982 0.43646982 0.46899559
 0.46899559 0.46899559 0.46899559 0.46899559 0.46899559 0.46899559
 0.46899559 0.46899559 0.46899559 0.46899559 0.46899559 0.46899559
 0.46899559 0.46899559 0.46899559 0.49991596 0.49991596 0.49991596
 0.49991596 0.49991596 0.49991596 0.49991596 0.49991596 0.49991596
 0.46899559 0.49991596 0.49991596 0.49991596 0.49991596 0.49991596
 0.49991596 0.46899559 0.46899559 0.46899559 0.46899559 0.46899559
 0.46899559 0.46899559 0.49991596 0.49991596 0.49991596 0.49991596
 0.46899559 0.46899559 0.46899559 0.46899559 0.43646982 0.43646982
 0.43646982 0.40217919 0.40217919 0.36592365 0.36592365 0.36592365
 0.36592365 0.36592365 0.36592365 0.36592365 0.32744492 0.32744492
 0.32744492 0.32744492 0.32744492 0.32744492 0.32744492 0.32744492
 0.28639696 0.24229219 0.24229219 0.24229219 0.24229219 0.24229219
 0.24229219 0.24229219 0.24229219 0.24229219 0.24229219 0.24229219
 0.24229219 0.24229219 0.24229219 0.24229219 0.24229219 0.24229219
 0.24229219 0.24229219 0.24229219 0.24229219 0.24229219 0.24229219
 0.24229219 0.24229219 0.24229219 0.24229219 0.24229219 0.24229219
 0.24229219 0.24229219 0.24229219 0.19439186 0.19439186 0.19439186
 0.19439186 0.19439186 0.24229219 0.24229219 0.24229219 0.24229219
 0.24229219 0.24229219 0.24229219 0.24229219 0.24229219 0.24229219
 0.24229219 0.19439186 0.19439186 0.19439186 0.19439186 0.19439186
 0.19439186 0.19439186 0.19439186 0.24229219 0.24229219 0.24229219
 0.24229219 0.24229219 0.24229219 0.24229219 0.24229219 0.24229219
 0.24229219 0.24229219 0.24229219 0.24229219 0.24229219 0.24229219
 0.19439186 0.19439186 0.19439186 0.24229219 0.24229219 0.24229219
 0.24229219 0.24229219 0.24229219 0.24229219 0.28639696 0.28639696
 0.28639696 0.28639696 0.28639696 0.28639696 0.32744492 0.36592365
 0.36592365 0.36592365 0.36592365 0.36592365 0.36592365 0.36592365
 0.36592365 0.36592365 0.36592365 0.36592365 0.36592365 0.36592365
 0.36592365 0.36592365 0.36592365 0.36592365 0.36592365 0.36592365
 0.36592365 0.36592365 0.36592365 0.36592365 0.36592365 0.36592365
 0.36592365 0.36592365 0.40217919 0.40217919 0.40217919 0.40217919
 0.40217919 0.40217919 0.40217919 0.40217919 0.40217919 0.40217919
 0.40217919 0.40217919 0.40217919 0.40217919 0.40217919 0.40217919
 0.40217919 0.40217919 0.40217919 0.40217919 0.40217919 0.40217919
 0.36592365 0.36592365 0.36592365 0.36592365 0.36592365 0.36592365
 0.36592365 0.36592365 0.36592365 0.36592365 0.36592365 0.36592365
 0.36592365 0.36592365 0.36592365 0.36592365 0.36592365 0.36592365
 0.36592365 0.32744492 0.32744492 0.28639696 0.28639696 0.28639696
 0.28639696 0.28639696 0.28639696 0.28639696 0.28639696 0.28639696
 0.28639696 0.28639696 0.28639696 0.28639696 0.28639696 0.28639696
 0.28639696 0.24229219 0.24229219 0.24229219 0.24229219 0.24229219
 0.24229219 0.24229219 0.19439186 0.19439186 0.19439186 0.19439186
 0.19439186 0.19439186 0.14144054 0.08079314 0.08079314 0.08079314
 0.08079314 0.08079314 0.08079314 0.08079314 0.08079314 0.08079314
 0.08079314 0.08079314 0.08079314 0.08079314 0.08079314 0.08079314
 0.14144054 0.14144054 0.14144054 0.14144054 0.14144054 0.14144054
 0.14144054 0.14144054 0.14144054 0.14144054 0.14144054 0.14144054
 0.08079314 0.08079314 0.14144054 0.14144054 0.14144054 0.14144054
 0.14144054 0.14144054 0.19439186 0.19439186 0.19439186 0.19439186
 0.19439186 0.19439186 0.19439186 0.19439186 0.19439186 0.19439186
 0.19439186 0.19439186 0.19439186 0.19439186 0.19439186 0.19439186
 0.19439186 0.19439186 0.19439186 0.19439186 0.19439186 0.19439186
 0.19439186 0.19439186 0.19439186 0.24229219 0.24229219 0.24229219
 0.24229219 0.24229219 0.24229219 0.24229219 0.24229219 0.24229219
 0.24229219 0.24229219 0.24229219 0.24229219 0.24229219 0.24229219
 0.24229219 0.24229219 0.24229219 0.24229219 0.28639696 0.28639696
 0.28639696 0.28639696 0.28639696 0.28639696 0.28639696 0.28639696
 0.28639696 0.28639696 0.28639696 0.28639696 0.28639696 0.28639696
 0.28639696 0.28639696 0.28639696 0.28639696 0.32744492 0.32744492
 0.32744492 0.32744492 0.32744492 0.32744492 0.36592365 0.36592365
 0.36592365 0.36592365 0.36592365 0.36592365 0.36592365 0.36592365
 0.36592365 0.36592365 0.36592365 0.36592365 0.32744492 0.32744492
 0.32744492 0.32744492 0.32744492 0.32744492 0.32744492 0.32744492
 0.32744492 0.32744492 0.32744492 0.32744492 0.32744492 0.32744492
 0.28639696 0.32744492 0.32744492 0.32744492 0.32744492 0.32744492
 0.28639696 0.28639696 0.28639696 0.28639696 0.28639696 0.28639696
 0.28639696 0.28639696 0.32744492 0.32744492 0.32744492 0.32744492
 0.32744492 0.32744492 0.32744492 0.32744492 0.32744492 0.36592365
 0.36592365 0.36592365 0.36592365 0.36592365 0.36592365 0.36592365
 0.36592365 0.32744492 0.32744492 0.32744492 0.32744492 0.32744492
 0.32744492 0.32744492 0.32744492 0.36592365 0.36592365 0.36592365
 0.36592365 0.36592365 0.36592365 0.36592365 0.36592365 0.36592365
 0.36592365 0.36592365 0.32744492 0.32744492 0.32744492 0.32744492
 0.32744492 0.32744492 0.32744492 0.32744492 0.32744492 0.32744492
 0.32744492 0.32744492 0.32744492 0.32744492 0.36592365 0.40217919
 0.40217919 0.40217919 0.36592365 0.36592365 0.36592365 0.36592365
 0.40217919 0.40217919 0.36592365 0.36592365 0.36592365 0.36592365
 0.36592365 0.36592365 0.36592365 0.36592365 0.36592365 0.36592365
 0.36592365 0.36592365 0.36592365 0.36592365 0.36592365 0.36592365
 0.36592365 0.36592365 0.36592365 0.36592365 0.36592365 0.36592365
 0.36592365 0.36592365 0.36592365 0.36592365 0.36592365 0.32744492
 0.32744492 0.32744492 0.32744492 0.32744492 0.32744492 0.32744492
 0.32744492 0.32744492 0.32744492 0.32744492 0.32744492 0.32744492
 0.28639696 0.28639696 0.28639696 0.32744492 0.36592365 0.36592365
 0.36592365 0.36592365 0.36592365 0.32744492 0.32744492 0.32744492
 0.32744492 0.32744492 0.32744492 0.32744492 0.32744492 0.32744492
 0.32744492 0.32744492 0.32744492 0.32744492 0.36592365 0.36592365
 0.36592365 0.32744492 0.32744492 0.32744492 0.32744492 0.32744492
 0.36592365 0.36592365 0.36592365 0.36592365 0.36592365 0.36592365
 0.36592365 0.36592365 0.36592365 0.36592365 0.36592365 0.36592365
 0.36592365 0.36592365 0.36592365 0.36592365 0.40217919 0.40217919
 0.40217919 0.40217919 0.36592365 0.32744492 0.32744492 0.32744492
 0.32744492 0.36592365 0.36592365 0.36592365 0.32744492 0.32744492
 0.32744492 0.32744492 0.32744492 0.32744492 0.32744492 0.32744492
 0.32744492 0.32744492 0.32744492 0.36592365 0.36592365 0.36592365
 0.40217919 0.40217919 0.40217919 0.40217919 0.40217919 0.43646982
 0.43646982 0.43646982 0.43646982 0.43646982 0.43646982 0.46899559
 0.46899559 0.46899559 0.46899559 0.46899559 0.46899559 0.46899559
 0.49991596 0.49991596 0.52936087 0.52936087 0.52936087 0.52936087
 0.52936087 0.52936087 0.52936087 0.52936087 0.52936087 0.52936087
 0.52936087 0.49991596 0.46899559 0.46899559 0.46899559 0.46899559
 0.46899559 0.46899559 0.46899559 0.46899559 0.49991596 0.49991596
 0.49991596 0.49991596 0.49991596 0.49991596 0.49991596 0.49991596
 0.49991596 0.49991596 0.46899559 0.46899559 0.46899559 0.46899559
 0.49991596 0.49991596 0.49991596 0.49991596 0.46899559 0.46899559
 0.46899559 0.46899559 0.46899559 0.49991596 0.49991596 0.52936087
 0.52936087 0.52936087 0.52936087 0.55743819 0.55743819 0.55743819
 0.58423881 0.58423881 0.55743819 0.55743819 0.55743819 0.55743819
 0.55743819 0.55743819 0.55743819 0.55743819 0.55743819 0.52936087
 0.52936087 0.52936087 0.52936087 0.52936087 0.52936087 0.52936087
 0.55743819 0.55743819 0.55743819 0.55743819 0.55743819 0.55743819
 0.55743819 0.52936087 0.52936087 0.52936087 0.49991596 0.49991596
 0.49991596 0.49991596 0.49991596 0.46899559 0.46899559 0.46899559
 0.46899559 0.46899559 0.46899559 0.43646982 0.43646982 0.43646982
 0.43646982 0.43646982 0.43646982 0.46899559 0.43646982 0.43646982
 0.40217919 0.40217919 0.40217919 0.40217919 0.40217919 0.40217919
 0.40217919 0.40217919 0.40217919 0.40217919 0.43646982 0.43646982
 0.43646982 0.43646982 0.46899559 0.46899559 0.46899559 0.46899559
 0.46899559 0.46899559 0.43646982 0.43646982 0.43646982 0.43646982
 0.43646982 0.43646982 0.43646982 0.43646982 0.43646982 0.43646982
 0.43646982 0.43646982 0.43646982 0.43646982 0.40217919 0.40217919
 0.40217919 0.40217919 0.43646982 0.43646982 0.43646982 0.43646982
 0.43646982 0.40217919 0.40217919 0.36592365 0.36592365 0.36592365
 0.36592365 0.32744492 0.32744492 0.32744492 0.28639696 0.28639696
 0.28639696 0.28639696 0.28639696 0.28639696 0.32744492 0.32744492
 0.32744492 0.32744492 0.32744492 0.32744492 0.32744492 0.32744492
 0.32744492 0.32744492 0.32744492 0.32744492 0.28639696 0.28639696
 0.28639696 0.28639696 0.28639696 0.28639696 0.28639696 0.28639696
 0.28639696 0.28639696 0.28639696 0.28639696 0.28639696 0.28639696
 0.28639696 0.28639696 0.28639696 0.28639696 0.28639696 0.28639696
 0.28639696 0.32744492 0.32744492 0.32744492 0.32744492 0.32744492
 0.32744492 0.32744492 0.32744492 0.32744492 0.32744492 0.36592365
 0.40217919 0.40217919 0.40217919 0.40217919 0.40217919 0.40217919
 0.40217919 0.40217919 0.36592365 0.36592365 0.36592365 0.36592365
 0.32744492 0.32744492 0.32744492 0.32744492 0.32744492 0.32744492
 0.32744492 0.32744492 0.32744492 0.32744492 0.32744492 0.32744492
 0.32744492 0.32744492 0.36592365 0.36592365 0.36592365 0.36592365
 0.36592365 0.36592365 0.36592365 0.36592365 0.40217919 0.40217919
 0.36592365 0.36592365 0.36592365 0.36592365 0.36592365 0.36592365
 0.40217919 0.40217919 0.40217919 0.40217919 0.40217919 0.40217919
 0.40217919 0.40217919 0.40217919 0.40217919 0.40217919 0.40217919
 0.40217919 0.40217919 0.36592365 0.36592365 0.36592365 0.36592365
 0.36592365 0.36592365 0.36592365 0.36592365 0.36592365 0.36592365
 0.40217919 0.40217919 0.40217919 0.40217919 0.40217919 0.40217919
 0.40217919 0.40217919 0.40217919 0.40217919 0.40217919 0.40217919
 0.40217919 0.40217919 0.40217919 0.40217919 0.40217919 0.40217919
 0.40217919 0.40217919 0.40217919 0.40217919 0.40217919 0.36592365
 0.36592365 0.36592365 0.36592365 0.36592365 0.36592365 0.32744492
 0.32744492 0.32744492 0.36592365 0.32744492 0.28639696 0.28639696
 0.28639696 0.28639696 0.28639696 0.28639696 0.28639696 0.28639696
 0.28639696 0.28639696 0.32744492 0.32744492 0.32744492 0.32744492
 0.32744492 0.32744492 0.32744492 0.32744492 0.32744492 0.36592365
 0.36592365 0.36592365 0.36592365 0.36592365 0.36592365 0.36592365
 0.32744492 0.32744492 0.32744492 0.36592365 0.36592365 0.36592365
 0.36592365 0.36592365 0.32744492 0.32744492 0.32744492 0.36592365
 0.36592365 0.36592365 0.36592365 0.36592365 0.32744492 0.32744492
 0.32744492 0.32744492 0.32744492 0.32744492 0.32744492 0.32744492
 0.32744492 0.32744492 0.32744492 0.36592365 0.36592365 0.36592365
 0.36592365 0.36592365 0.36592365 0.36592365 0.36592365 0.36592365
 0.36592365 0.36592365 0.36592365 0.36592365 0.32744492 0.32744492
 0.32744492 0.32744492 0.32744492 0.32744492 0.32744492 0.32744492
 0.36592365 0.36592365 0.40217919 0.40217919 0.43646982 0.43646982
 0.43646982 0.43646982 0.43646982 0.46899559 0.46899559 0.46899559
 0.46899559 0.46899559 0.46899559 0.46899559 0.46899559 0.46899559
 0.46899559 0.46899559 0.46899559 0.46899559 0.46899559 0.46899559
 0.43646982 0.43646982 0.43646982 0.46899559 0.46899559 0.46899559
 0.46899559 0.46899559 0.46899559 0.46899559 0.46899559 0.46899559
 0.43646982 0.43646982 0.43646982 0.43646982 0.43646982 0.43646982
 0.43646982 0.46899559 0.46899559 0.43646982 0.43646982 0.43646982
 0.43646982 0.43646982 0.43646982 0.43646982 0.43646982 0.46899559
 0.46899559 0.43646982 0.43646982 0.43646982 0.43646982 0.43646982
 0.43646982 0.43646982 0.43646982 0.40217919 0.40217919 0.40217919
 0.40217919 0.40217919 0.43646982 0.43646982 0.43646982 0.43646982
 0.43646982 0.43646982 0.43646982 0.43646982 0.43646982 0.43646982
 0.43646982 0.40217919 0.40217919 0.40217919 0.40217919 0.40217919
 0.40217919 0.40217919 0.40217919 0.43646982 0.43646982 0.43646982
 0.43646982 0.43646982 0.43646982 0.43646982 0.43646982 0.43646982
 0.43646982 0.46899559 0.46899559 0.46899559 0.43646982 0.43646982
 0.40217919 0.40217919 0.36592365 0.36592365 0.36592365 0.36592365
 0.36592365 0.32744492 0.32744492 0.32744492 0.32744492 0.32744492
 0.32744492 0.32744492 0.32744492 0.32744492 0.32744492 0.32744492
 0.32744492 0.32744492 0.32744492 0.32744492 0.32744492 0.32744492
 0.36592365 0.32744492 0.32744492 0.32744492 0.32744492 0.32744492
 0.32744492 0.32744492 0.36592365 0.40217919 0.40217919 0.40217919
 0.40217919 0.43646982 0.46899559 0.46899559 0.49991596 0.46899559
 0.46899559 0.46899559 0.49991596 0.49991596 0.52936087 0.52936087
 0.52936087 0.52936087 0.55743819 0.52936087 0.55743819 0.55743819
 0.55743819 0.55743819 0.55743819 0.55743819 0.55743819 0.55743819
 0.55743819 0.58423881 0.58423881 0.58423881 0.6098403  0.6098403
 0.58423881 0.58423881 0.58423881 0.58423881 0.58423881 0.58423881
 0.58423881 0.58423881 0.58423881 0.58423881 0.58423881 0.58423881
 0.58423881 0.58423881 0.58423881 0.58423881 0.58423881 0.58423881
 0.58423881 0.55743819 0.55743819 0.55743819 0.55743819 0.55743819
 0.55743819 0.55743819 0.55743819 0.55743819 0.55743819 0.52936087
 0.52936087 0.52936087 0.52936087 0.52936087 0.52936087 0.55743819
 0.55743819 0.55743819 0.55743819 0.55743819 0.55743819 0.58423881
 0.58423881 0.58423881 0.58423881 0.58423881 0.58423881 0.58423881
 0.58423881 0.58423881 0.58423881 0.58423881 0.58423881 0.58423881
 0.58423881 0.58423881 0.58423881 0.58423881 0.55743819 0.58423881
 0.58423881 0.58423881 0.58423881 0.58423881 0.58423881 0.58423881
 0.55743819 0.52936087 0.52936087 0.52936087 0.52936087 0.49991596
 0.46899559 0.46899559 0.43646982 0.43646982 0.43646982 0.43646982
 0.40217919 0.40217919 0.36592365 0.36592365 0.36592365 0.36592365
 0.32744492 0.32744492 0.28639696 0.32744492 0.32744492 0.32744492
 0.32744492 0.32744492 0.32744492 0.32744492 0.32744492 0.28639696
 0.32744492 0.32744492 0.32744492 0.32744492 0.32744492 0.32744492
 0.36592365 0.36592365 0.36592365 0.36592365 0.36592365 0.36592365
 0.36592365 0.36592365 0.36592365 0.36592365 0.40217919 0.40217919
 0.43646982 0.43646982 0.43646982 0.43646982 0.43646982 0.43646982
 0.43646982 0.43646982 0.43646982 0.46899559 0.46899559 0.46899559
 0.46899559 0.46899559 0.46899559 0.46899559 0.46899559 0.46899559
 0.46899559 0.46899559 0.46899559 0.43646982 0.43646982 0.43646982
 0.43646982 0.43646982 0.43646982 0.40217919 0.40217919 0.40217919
 0.40217919 0.40217919 0.40217919 0.40217919 0.40217919 0.40217919
 0.40217919 0.40217919 0.40217919 0.40217919 0.40217919 0.40217919
 0.40217919 0.40217919 0.40217919 0.36592365 0.36592365 0.40217919
 0.40217919 0.40217919 0.40217919 0.40217919 0.43646982 0.43646982
 0.43646982 0.43646982 0.43646982 0.43646982 0.43646982 0.43646982
 0.43646982 0.46899559 0.49991596 0.49991596 0.49991596 0.49991596
 0.49991596 0.49991596 0.49991596 0.49991596 0.49991596 0.49991596
 0.49991596 0.46899559 0.46899559 0.46899559 0.46899559 0.46899559
 0.46899559 0.49991596 0.49991596 0.49991596 0.46899559 0.46899559
 0.43646982 0.46899559 0.49991596 0.49991596 0.46899559 0.46899559
 0.46899559 0.46899559 0.46899559 0.46899559 0.46899559 0.46899559
 0.49991596 0.49991596 0.46899559 0.46899559 0.43646982 0.43646982
 0.43646982 0.43646982 0.43646982 0.43646982 0.43646982 0.43646982
 0.43646982 0.40217919 0.40217919 0.40217919 0.40217919 0.40217919
 0.40217919 0.40217919 0.40217919 0.40217919 0.40217919 0.40217919
 0.43646982 0.43646982 0.46899559 0.46899559 0.46899559 0.46899559
 0.46899559 0.46899559 0.46899559 0.46899559 0.49991596 0.49991596
 0.49991596 0.49991596 0.49991596 0.49991596 0.49991596 0.49991596
 0.49991596 0.49991596 0.49991596 0.49991596 0.49991596 0.49991596
 0.49991596 0.49991596 0.49991596 0.46899559 0.46899559 0.49991596
 0.49991596 0.49991596 0.46899559 0.46899559 0.46899559 0.46899559
 0.46899559 0.46899559 0.46899559 0.46899559 0.46899559 0.43646982
 0.40217919 0.40217919 0.40217919 0.40217919 0.40217919 0.40217919
 0.40217919 0.40217919 0.40217919 0.40217919 0.40217919 0.40217919
 0.40217919 0.40217919 0.40217919 0.40217919 0.40217919 0.36592365
 0.36592365 0.36592365 0.36592365 0.36592365 0.36592365 0.32744492
 0.28639696 0.28639696 0.28639696 0.28639696 0.28639696 0.28639696
 0.28639696 0.28639696 0.28639696 0.28639696 0.24229219 0.24229219
 0.24229219 0.24229219 0.24229219 0.24229219 0.24229219 0.24229219
 0.24229219 0.24229219 0.24229219 0.24229219 0.24229219 0.24229219
 0.24229219 0.24229219 0.24229219 0.24229219 0.24229219 0.24229219
 0.24229219 0.24229219 0.24229219 0.24229219 0.19439186 0.19439186
 0.14144054 0.14144054 0.14144054 0.14144054 0.14144054 0.14144054
 0.14144054 0.14144054 0.08079314 0.08079314 0.08079314 0.08079314
 0.14144054 0.14144054 0.14144054 0.14144054 0.14144054 0.14144054
 0.14144054 0.14144054 0.14144054 0.14144054 0.14144054 0.14144054
 0.14144054 0.14144054 0.14144054 0.08079314 0.08079314 0.08079314
 0.08079314 0.08079314 0.08079314 0.08079314 0.08079314 0.08079314
 0.08079314 0.14144054 0.14144054 0.14144054 0.14144054 0.14144054
 0.14144054 0.14144054 0.14144054 0.14144054 0.14144054 0.14144054
 0.14144054 0.14144054 0.14144054 0.14144054 0.14144054 0.19439186
 0.19439186 0.19439186 0.19439186 0.19439186 0.19439186 0.19439186
 0.19439186 0.19439186 0.19439186 0.19439186 0.19439186 0.19439186
 0.19439186 0.19439186 0.19439186 0.19439186 0.19439186 0.19439186
 0.24229219 0.24229219 0.24229219 0.24229219 0.24229219 0.24229219
 0.24229219 0.24229219 0.24229219 0.24229219 0.24229219 0.24229219
 0.24229219 0.28639696 0.28639696 0.28639696 0.28639696 0.28639696
 0.28639696 0.28639696 0.28639696 0.28639696 0.28639696 0.28639696
 0.28639696 0.28639696 0.28639696 0.28639696 0.32744492 0.32744492
 0.32744492 0.32744492 0.32744492 0.32744492 0.32744492 0.32744492
 0.32744492 0.36592365 0.36592365 0.36592365 0.32744492 0.36592365
 0.36592365 0.36592365 0.36592365 0.36592365 0.36592365 0.36592365
 0.36592365 0.36592365 0.36592365 0.36592365 0.36592365 0.36592365
 0.36592365 0.40217919 0.40217919 0.40217919 0.40217919 0.40217919
 0.40217919 0.40217919 0.40217919 0.40217919 0.40217919 0.36592365
 0.36592365 0.36592365 0.36592365 0.36592365 0.36592365 0.36592365
 0.36592365 0.36592365 0.36592365 0.36592365 0.36592365 0.36592365
 0.36592365 0.36592365 0.36592365 0.32744492 0.32744492 0.36592365
 0.36592365 0.40217919 0.40217919 0.43646982 0.43646982 0.43646982
 0.43646982 0.43646982 0.43646982 0.43646982 0.43646982 0.43646982
 0.43646982 0.43646982 0.43646982 0.43646982 0.40217919 0.40217919
 0.43646982 0.46899559 0.46899559 0.46899559 0.46899559 0.46899559
 0.46899559 0.46899559 0.46899559 0.46899559 0.46899559 0.43646982
 0.43646982 0.46899559 0.46899559 0.46899559 0.46899559 0.46899559
 0.46899559 0.46899559 0.46899559 0.46899559 0.46899559 0.46899559
 0.46899559 0.46899559 0.43646982 0.43646982 0.43646982 0.46899559
 0.46899559 0.46899559 0.46899559 0.46899559 0.46899559 0.43646982
 0.43646982 0.46899559 0.46899559 0.43646982 0.43646982 0.43646982
 0.43646982 0.43646982 0.43646982 0.43646982 0.43646982 0.43646982
 0.43646982 0.43646982 0.43646982 0.43646982 0.43646982 0.40217919
 0.40217919 0.40217919 0.40217919 0.40217919 0.40217919 0.40217919
 0.40217919 0.40217919 0.40217919 0.40217919 0.40217919 0.40217919
 0.40217919 0.40217919 0.40217919 0.40217919 0.40217919 0.40217919
 0.40217919 0.40217919 0.40217919 0.40217919 0.40217919 0.40217919
 0.40217919 0.43646982 0.43646982 0.40217919 0.43646982 0.40217919
 0.40217919 0.36592365 0.36592365 0.36592365 0.36592365 0.36592365
 0.36592365 0.36592365 0.36592365 0.36592365 0.36592365 0.36592365
 0.36592365 0.36592365 0.36592365 0.36592365 0.32744492 0.28639696
 0.28639696 0.28639696 0.28639696 0.28639696 0.28639696 0.28639696
 0.28639696 0.28639696 0.28639696 0.28639696 0.28639696 0.24229219
 0.24229219 0.24229219 0.24229219 0.24229219 0.24229219 0.24229219
 0.24229219 0.24229219 0.24229219 0.24229219 0.24229219 0.28639696
 0.28639696 0.28639696 0.28639696 0.24229219 0.24229219 0.24229219
 0.24229219 0.24229219 0.24229219 0.24229219 0.24229219 0.19439186
 0.19439186 0.19439186 0.19439186 0.24229219 0.28639696 0.28639696
 0.28639696 0.28639696 0.28639696 0.28639696 0.28639696 0.28639696
 0.28639696 0.28639696 0.28639696 0.28639696 0.28639696 0.28639696
 0.28639696 0.28639696 0.28639696 0.28639696 0.28639696 0.28639696
 0.28639696 0.28639696 0.28639696 0.28639696 0.28639696 0.28639696
 0.28639696 0.28639696 0.28639696 0.28639696 0.28639696 0.28639696
 0.28639696 0.28639696 0.28639696 0.28639696 0.28639696 0.24229219
 0.24229219 0.24229219 0.19439186 0.19439186 0.19439186 0.24229219
 0.24229219 0.24229219 0.24229219 0.24229219 0.24229219 0.24229219
 0.24229219 0.24229219 0.24229219 0.24229219 0.28639696 0.28639696
 0.28639696 0.28639696 0.28639696 0.28639696 0.28639696 0.28639696
 0.28639696 0.32744492 0.32744492 0.32744492 0.32744492 0.32744492
 0.32744492 0.32744492 0.32744492 0.32744492 0.32744492 0.32744492
 0.32744492 0.32744492 0.32744492 0.32744492 0.32744492 0.36592365
 0.36592365 0.36592365 0.36592365 0.32744492 0.32744492 0.32744492
 0.32744492 0.32744492 0.32744492 0.32744492 0.32744492 0.32744492
 0.32744492 0.32744492 0.32744492 0.32744492 0.32744492 0.32744492
 0.32744492 0.28639696 0.24229219 0.24229219 0.24229219 0.24229219
 0.24229219 0.24229219 0.24229219 0.24229219 0.24229219 0.28639696
 0.28639696 0.28639696 0.28639696 0.28639696 0.28639696 0.28639696
 0.28639696 0.28639696 0.28639696 0.28639696 0.28639696 0.28639696
 0.28639696 0.28639696 0.28639696 0.28639696 0.28639696 0.28639696
 0.28639696 0.28639696 0.32744492 0.36592365 0.36592365 0.36592365
 0.36592365 0.36592365 0.36592365 0.36592365 0.36592365 0.36592365
 0.36592365 0.36592365 0.36592365 0.32744492 0.32744492 0.32744492
 0.36592365 0.40217919 0.40217919 0.40217919 0.40217919 0.40217919
 0.40217919 0.40217919 0.36592365 0.36592365 0.36592365 0.36592365
 0.36592365 0.36592365 0.36592365 0.36592365 0.36592365 0.32744492
 0.32744492 0.32744492 0.32744492 0.36592365 0.36592365 0.40217919
 0.40217919 0.40217919 0.40217919 0.40217919 0.40217919 0.40217919
 0.40217919 0.40217919 0.40217919 0.36592365 0.36592365 0.36592365
 0.36592365 0.36592365 0.36592365 0.36592365 0.36592365 0.36592365
 0.36592365 0.36592365 0.36592365 0.36592365 0.36592365 0.36592365
 0.36592365 0.40217919 0.40217919 0.40217919 0.40217919 0.40217919
 0.40217919 0.40217919 0.40217919 0.40217919 0.40217919 0.40217919
 0.40217919 0.40217919 0.40217919 0.36592365 0.36592365 0.36592365
 0.36592365 0.36592365 0.36592365 0.40217919 0.40217919 0.40217919
 0.43646982 0.46899559 0.46899559 0.46899559 0.46899559 0.46899559
 0.46899559 0.46899559 0.46899559 0.46899559 0.46899559 0.46899559
 0.43646982 0.40217919 0.40217919 0.40217919 0.40217919 0.40217919
 0.40217919 0.40217919 0.40217919 0.40217919 0.40217919 0.40217919
 0.43646982 0.43646982 0.43646982 0.43646982 0.40217919 0.36592365
 0.36592365 0.36592365 0.36592365 0.36592365 0.36592365 0.36592365
 0.36592365 0.36592365 0.36592365 0.36592365 0.36592365 0.40217919
 0.40217919 0.40217919 0.40217919 0.40217919 0.40217919 0.40217919
 0.40217919 0.36592365 0.36592365 0.32744492 0.32744492 0.32744492
 0.32744492 0.32744492 0.32744492 0.32744492 0.32744492 0.32744492
 0.32744492 0.32744492 0.32744492 0.32744492 0.32744492 0.32744492
 0.32744492 0.32744492 0.32744492 0.32744492 0.32744492 0.32744492
 0.32744492 0.32744492 0.32744492 0.32744492 0.32744492 0.28639696
 0.28639696 0.28639696 0.28639696 0.28639696 0.28639696 0.28639696
 0.28639696 0.28639696 0.28639696 0.32744492 0.32744492 0.32744492
 0.32744492 0.32744492 0.32744492 0.36592365 0.40217919 0.40217919
 0.40217919 0.36592365 0.36592365 0.36592365 0.32744492 0.28639696
 0.28639696 0.28639696 0.32744492 0.36592365 0.36592365 0.36592365
 0.36592365 0.36592365 0.36592365 0.36592365 0.36592365 0.36592365
 0.40217919 0.40217919 0.40217919 0.40217919 0.40217919 0.40217919
 0.40217919 0.40217919 0.40217919 0.40217919 0.36592365 0.36592365
 0.36592365 0.36592365 0.36592365 0.36592365 0.36592365 0.36592365
 0.36592365 0.36592365 0.36592365 0.36592365 0.40217919 0.40217919
 0.40217919 0.40217919 0.40217919 0.36592365 0.36592365 0.36592365
 0.36592365 0.36592365 0.36592365 0.36592365 0.36592365 0.36592365
 0.36592365 0.36592365 0.36592365 0.36592365 0.40217919 0.40217919
 0.40217919 0.40217919 0.40217919 0.43646982 0.43646982 0.43646982
 0.43646982 0.43646982 0.46899559 0.46899559 0.46899559 0.46899559
 0.46899559 0.46899559 0.46899559 0.46899559 0.46899559 0.46899559
 0.46899559 0.49991596 0.49991596 0.49991596 0.49991596 0.49991596
 0.49991596 0.49991596 0.49991596 0.49991596 0.49991596 0.49991596
 0.49991596 0.46899559 0.46899559 0.46899559 0.46899559 0.46899559
 0.46899559 0.43646982 0.40217919 0.40217919 0.40217919 0.43646982
 0.43646982 0.43646982 0.43646982 0.43646982 0.43646982 0.43646982
 0.40217919 0.36592365 0.40217919 0.40217919 0.40217919 0.40217919
 0.40217919 0.40217919 0.40217919 0.40217919 0.36592365 0.36592365
 0.36592365 0.36592365 0.36592365 0.36592365 0.36592365 0.36592365
 0.36592365 0.40217919 0.40217919 0.40217919 0.40217919 0.40217919
 0.40217919 0.40217919 0.40217919 0.40217919 0.43646982 0.43646982
 0.43646982 0.43646982 0.40217919 0.40217919 0.40217919 0.40217919
 0.40217919 0.40217919 0.40217919 0.40217919 0.40217919 0.40217919
 0.40217919 0.40217919 0.43646982 0.43646982 0.46899559 0.46899559
 0.46899559 0.46899559 0.43646982 0.43646982 0.43646982 0.43646982
 0.43646982 0.40217919 0.40217919 0.40217919 0.40217919 0.40217919
 0.36592365 0.36592365 0.36592365 0.36592365 0.36592365 0.36592365
 0.36592365 0.36592365 0.40217919 0.40217919 0.40217919 0.36592365
 0.36592365 0.36592365 0.36592365 0.40217919 0.40217919 0.40217919
 0.40217919 0.40217919 0.40217919 0.40217919 0.40217919 0.40217919
 0.40217919 0.40217919 0.40217919 0.40217919 0.40217919 0.40217919
 0.40217919 0.40217919 0.40217919 0.36592365 0.36592365 0.36592365
 0.36592365 0.36592365 0.36592365 0.36592365 0.36592365 0.36592365
 0.32744492 0.32744492 0.32744492 0.32744492 0.32744492 0.36592365
 0.36592365 0.36592365 0.36592365 0.36592365 0.40217919 0.40217919
 0.40217919 0.40217919 0.43646982 0.43646982 0.43646982 0.40217919
 0.40217919 0.40217919 0.40217919 0.40217919 0.40217919 0.40217919
 0.40217919 0.40217919 0.40217919 0.43646982 0.43646982 0.43646982
 0.43646982 0.43646982 0.43646982 0.43646982 0.43646982 0.43646982
 0.43646982 0.43646982 0.43646982 0.43646982 0.43646982 0.43646982
 0.40217919 0.40217919 0.40217919 0.40217919 0.43646982 0.43646982
 0.43646982 0.43646982 0.43646982 0.46899559 0.46899559 0.46899559
 0.46899559 0.46899559 0.46899559 0.49991596 0.49991596 0.49991596
 0.49991596 0.49991596 0.49991596 0.49991596 0.49991596 0.49991596
 0.46899559 0.46899559 0.46899559 0.46899559 0.46899559 0.46899559
 0.46899559 0.43646982 0.43646982 0.43646982 0.43646982 0.43646982
 0.43646982 0.43646982 0.43646982 0.43646982 0.43646982 0.43646982
 0.46899559 0.46899559 0.46899559 0.46899559 0.49991596 0.49991596
 0.49991596 0.49991596 0.49991596 0.49991596 0.49991596 0.49991596
 0.49991596 0.52936087 0.52936087 0.52936087 0.52936087 0.52936087
 0.52936087 0.52936087 0.52936087 0.49991596 0.52936087 0.52936087
 0.52936087 0.52936087 0.49991596 0.49991596 0.49991596 0.49991596
 0.46899559 0.46899559 0.46899559 0.46899559 0.46899559 0.46899559
 0.46899559 0.46899559 0.46899559 0.46899559 0.46899559 0.46899559
 0.43646982 0.40217919 0.40217919 0.40217919 0.40217919 0.40217919
 0.40217919 0.40217919 0.40217919 0.40217919 0.40217919 0.43646982
 0.43646982 0.43646982 0.43646982 0.46899559 0.46899559 0.46899559
 0.43646982 0.43646982 0.40217919 0.40217919 0.40217919 0.40217919
 0.43646982 0.40217919 0.40217919 0.40217919 0.40217919 0.43646982
 0.43646982 0.43646982 0.43646982 0.43646982 0.43646982 0.43646982
 0.43646982 0.43646982 0.43646982 0.43646982 0.43646982 0.43646982
 0.43646982 0.43646982 0.43646982 0.43646982 0.43646982 0.43646982
 0.43646982 0.43646982 0.43646982 0.43646982 0.43646982 0.43646982
 0.43646982 0.43646982 0.43646982 0.43646982 0.40217919 0.40217919
 0.40217919 0.40217919 0.36592365 0.36592365 0.36592365 0.36592365
 0.36592365 0.36592365 0.36592365 0.36592365 0.36592365 0.32744492
 0.32744492 0.32744492 0.32744492 0.32744492 0.32744492 0.32744492
 0.32744492 0.32744492 0.32744492 0.32744492 0.32744492 0.32744492
 0.32744492 0.32744492 0.32744492 0.32744492 0.32744492 0.32744492
 0.32744492 0.32744492 0.32744492 0.32744492 0.32744492 0.32744492
 0.32744492 0.32744492 0.32744492 0.32744492 0.32744492 0.32744492
 0.32744492 0.32744492 0.32744492 0.32744492 0.36592365 0.40217919
 0.40217919 0.43646982 0.43646982 0.40217919 0.40217919 0.40217919
 0.40217919 0.36592365 0.36592365 0.36592365 0.36592365 0.36592365
 0.36592365 0.36592365 0.36592365 0.36592365 0.32744492 0.32744492
 0.32744492 0.32744492 0.32744492 0.32744492 0.32744492 0.28639696
 0.28639696 0.28639696 0.28639696 0.28639696 0.28639696 0.28639696
 0.32744492 0.32744492 0.32744492 0.32744492 0.32744492 0.32744492
 0.32744492 0.32744492 0.36592365 0.36592365 0.36592365 0.36592365
 0.36592365 0.36592365 0.36592365 0.36592365 0.36592365 0.36592365
 0.36592365 0.36592365 0.36592365 0.36592365 0.40217919 0.40217919
 0.40217919 0.43646982 0.43646982 0.43646982 0.43646982 0.43646982
 0.43646982 0.43646982 0.46899559 0.46899559 0.49991596 0.49991596
 0.52936087 0.52936087 0.52936087 0.52936087 0.52936087 0.52936087
 0.49991596 0.49991596 0.49991596 0.49991596 0.49991596 0.49991596
 0.52936087 0.55743819 0.58423881 0.58423881 0.58423881 0.58423881
 0.58423881 0.58423881 0.58423881 0.58423881 0.58423881 0.58423881
 0.58423881 0.58423881 0.58423881 0.6098403  0.6098403  0.6098403
 0.6098403  0.6098403  0.58423881 0.55743819 0.58423881 0.58423881
 0.58423881 0.58423881 0.58423881 0.6098403  0.63430955 0.63430955
 0.63430955 0.63430955 0.63430955 0.63430955 0.63430955 0.63430955
 0.63430955 0.63430955 0.63430955 0.63430955 0.63430955 0.63430955
 0.63430955 0.6098403  0.6098403  0.6098403  0.6098403  0.6098403
 0.6098403  0.6098403  0.6098403  0.6098403  0.58423881 0.58423881
 0.58423881 0.58423881 0.58423881 0.58423881 0.58423881 0.6098403
 0.58423881 0.6098403  0.63430955 0.63430955 0.63430955 0.63430955
 0.63430955 0.63430955 0.63430955 0.63430955 0.63430955 0.63430955
 0.63430955 0.63430955 0.63430955 0.63430955 0.65770478 0.63430955
 0.63430955 0.63430955 0.63430955 0.63430955 0.63430955 0.63430955
 0.6098403  0.6098403  0.58423881 0.58423881 0.55743819 0.55743819
 0.55743819 0.55743819 0.55743819 0.55743819 0.55743819 0.55743819
 0.55743819 0.55743819 0.55743819 0.58423881 0.55743819 0.52936087
 0.52936087 0.52936087 0.52936087 0.52936087 0.55743819 0.55743819
 0.55743819 0.55743819 0.55743819 0.58423881 0.58423881 0.58423881
 0.58423881 0.55743819 0.55743819 0.58423881 0.58423881 0.58423881
 0.58423881 0.58423881 0.55743819 0.52936087 0.52936087 0.55743819
 0.55743819 0.52936087 0.49991596 0.49991596 0.49991596 0.49991596
 0.49991596 0.49991596 0.49991596 0.49991596 0.49991596 0.52936087
 0.52936087 0.52936087 0.52936087 0.55743819 0.55743819 0.55743819
 0.55743819 0.55743819 0.55743819 0.55743819 0.55743819 0.55743819
 0.55743819 0.55743819 0.55743819 0.55743819 0.55743819 0.55743819
 0.55743819 0.55743819 0.55743819 0.52936087 0.52936087 0.49991596
 0.46899559 0.46899559 0.46899559 0.49991596 0.49991596 0.49991596
 0.49991596 0.49991596 0.49991596 0.49991596 0.49991596 0.49991596
 0.46899559 0.46899559 0.43646982 0.43646982 0.43646982 0.43646982
 0.43646982 0.43646982 0.43646982 0.43646982 0.43646982 0.46899559
 0.46899559 0.46899559 0.49991596 0.49991596 0.49991596 0.49991596
 0.52936087 0.52936087 0.52936087 0.52936087 0.52936087 0.52936087
 0.52936087 0.49991596 0.49991596 0.49991596 0.46899559 0.46899559
 0.46899559 0.46899559 0.43646982 0.43646982 0.43646982 0.43646982
 0.43646982 0.40217919 0.40217919 0.40217919 0.40217919 0.40217919
 0.40217919 0.40217919 0.40217919 0.40217919 0.40217919 0.40217919
 0.40217919 0.40217919 0.40217919 0.36592365 0.36592365 0.36592365
 0.36592365 0.36592365 0.36592365 0.36592365 0.36592365 0.36592365
 0.36592365 0.36592365 0.36592365 0.32744492 0.32744492 0.32744492
 0.32744492 0.28639696 0.28639696 0.28639696 0.28639696 0.28639696
 0.28639696 0.28639696 0.28639696 0.28639696 0.28639696 0.28639696
 0.28639696 0.28639696 0.28639696 0.28639696 0.28639696 0.28639696
 0.28639696 0.32744492 0.32744492 0.32744492 0.32744492 0.36592365
 0.36592365 0.32744492 0.32744492 0.32744492 0.32744492 0.32744492
 0.32744492 0.32744492 0.32744492 0.32744492 0.32744492 0.32744492
 0.32744492 0.32744492 0.32744492 0.32744492 0.32744492 0.32744492
 0.32744492 0.36592365 0.36592365 0.32744492 0.32744492 0.32744492
 0.28639696 0.28639696 0.28639696 0.28639696 0.24229219 0.24229219
 0.24229219 0.24229219 0.28639696 0.28639696 0.28639696 0.28639696
 0.28639696 0.28639696 0.28639696 0.28639696 0.28639696 0.28639696
 0.28639696 0.28639696 0.28639696 0.28639696 0.28639696 0.28639696
 0.28639696 0.28639696 0.28639696 0.28639696 0.28639696 0.24229219
 0.24229219 0.24229219 0.24229219 0.24229219 0.24229219 0.24229219
 0.24229219 0.24229219 0.24229219 0.24229219 0.24229219 0.24229219
 0.24229219 0.24229219 0.24229219 0.28639696 0.28639696 0.28639696
 0.28639696 0.28639696 0.28639696 0.28639696 0.32744492 0.32744492
 0.36592365 0.36592365 0.36592365 0.40217919 0.40217919 0.40217919
 0.40217919 0.40217919 0.40217919 0.40217919 0.40217919 0.40217919
 0.40217919 0.40217919 0.40217919 0.40217919 0.40217919 0.36592365
 0.36592365 0.40217919 0.40217919 0.36592365 0.36592365 0.36592365
 0.36592365 0.36592365 0.36592365 0.36592365 0.36592365 0.36592365
 0.36592365 0.36592365 0.36592365 0.36592365 0.36592365 0.36592365
 0.36592365 0.36592365 0.36592365 0.36592365 0.36592365 0.32744492
 0.32744492 0.32744492 0.32744492 0.32744492 0.32744492 0.32744492
 0.32744492 0.32744492 0.36592365 0.36592365 0.36592365 0.40217919
 0.36592365 0.36592365 0.36592365 0.36592365 0.36592365 0.36592365
 0.36592365 0.36592365 0.40217919 0.40217919 0.40217919 0.40217919
 0.40217919 0.40217919 0.40217919 0.40217919 0.40217919 0.40217919
 0.40217919 0.40217919 0.40217919 0.40217919 0.40217919 0.40217919
 0.40217919 0.40217919 0.40217919 0.40217919 0.43646982 0.43646982
 0.43646982 0.43646982 0.43646982 0.43646982 0.43646982 0.43646982
 0.43646982 0.40217919 0.40217919 0.40217919 0.40217919 0.40217919
 0.40217919 0.40217919 0.40217919 0.40217919 0.36592365 0.36592365
 0.36592365 0.32744492 0.32744492 0.32744492 0.32744492 0.32744492
 0.32744492 0.32744492 0.32744492 0.32744492 0.32744492 0.32744492
 0.32744492 0.32744492 0.32744492 0.32744492 0.32744492 0.28639696
 0.32744492 0.32744492 0.32744492 0.32744492 0.32744492 0.32744492
 0.32744492 0.32744492 0.32744492 0.32744492 0.32744492 0.36592365
 0.36592365 0.36592365 0.36592365 0.36592365 0.36592365 0.40217919
 0.40217919 0.40217919 0.40217919 0.40217919 0.40217919 0.40217919
 0.40217919 0.40217919 0.40217919 0.40217919 0.40217919 0.40217919
 0.36592365 0.36592365 0.36592365 0.32744492 0.32744492 0.32744492
 0.32744492 0.32744492 0.32744492 0.32744492 0.32744492 0.32744492
 0.28639696 0.28639696 0.28639696 0.28639696 0.32744492 0.32744492
 0.32744492 0.32744492 0.32744492 0.32744492 0.32744492 0.32744492
 0.32744492 0.32744492 0.32744492 0.32744492 0.32744492 0.32744492
 0.32744492 0.32744492 0.28639696 0.28639696 0.28639696 0.28639696
 0.28639696 0.28639696 0.28639696 0.28639696 0.28639696 0.28639696
 0.28639696 0.28639696 0.28639696 0.28639696 0.28639696 0.28639696
 0.28639696 0.28639696 0.28639696 0.28639696 0.28639696 0.28639696
 0.28639696 0.28639696 0.28639696 0.28639696 0.28639696 0.28639696
 0.28639696 0.28639696 0.28639696 0.32744492 0.32744492 0.32744492
 0.32744492 0.32744492 0.32744492 0.32744492 0.28639696 0.28639696
 0.28639696 0.28639696 0.28639696 0.32744492 0.32744492 0.32744492
 0.32744492 0.32744492 0.32744492 0.28639696 0.28639696 0.32744492
 0.32744492 0.32744492 0.32744492 0.28639696 0.28639696 0.28639696
 0.28639696 0.28639696 0.28639696 0.28639696 0.28639696 0.28639696
 0.28639696 0.28639696 0.28639696 0.28639696 0.28639696 0.28639696
 0.28639696 0.28639696 0.28639696 0.28639696 0.32744492 0.32744492
 0.36592365 0.36592365 0.36592365 0.36592365 0.36592365 0.40217919
 0.43646982 0.43646982 0.40217919 0.40217919 0.40217919 0.43646982
 0.43646982 0.43646982 0.43646982 0.46899559 0.49991596 0.52936087
 0.52936087 0.52936087 0.52936087 0.55743819 0.55743819 0.55743819
 0.58423881 0.58423881 0.58423881 0.58423881 0.58423881 0.58423881
 0.58423881 0.58423881 0.58423881 0.58423881 0.58423881 0.58423881
 0.58423881 0.58423881 0.6098403  0.6098403  0.58423881 0.58423881
 0.58423881 0.58423881 0.58423881 0.58423881 0.58423881 0.58423881
 0.58423881 0.58423881 0.6098403  0.6098403  0.6098403  0.6098403
 0.63430955 0.6098403  0.63430955 0.65770478 0.65770478 0.68007705
 0.70147146 0.72192809 0.72192809 0.72192809 0.72192809 0.74148274
 0.74148274 0.72192809 0.74148274 0.7601675  0.7780113  0.7780113
 0.79504028 0.79504028 0.79504028 0.79504028 0.79504028 0.81127812
 0.82674637 0.84146464 0.85545081 0.85545081 0.85545081 0.85545081
 0.85545081 0.86872125 0.86872125 0.86872125 0.8812909  0.8812909
 0.8812909  0.8812909  0.8812909  0.8812909  0.8812909  0.8812909
 0.8812909  0.8812909  0.86872125 0.86872125 0.85545081 0.85545081
 0.85545081 0.85545081 0.85545081 0.84146464 0.82674637 0.82674637
 0.84146464 0.85545081 0.85545081 0.84146464 0.85545081 0.85545081
 0.85545081 0.85545081 0.85545081 0.85545081 0.85545081 0.86872125
 0.86872125 0.85545081 0.85545081 0.85545081 0.84146464 0.85545081
 0.85545081 0.85545081 0.86872125 0.86872125 0.86872125 0.86872125
 0.86872125 0.86872125 0.86872125 0.8812909  0.8812909  0.8812909
 0.8812909  0.8812909  0.8812909  0.89317346 0.90438146 0.90438146
 0.90438146 0.91492637 0.9248187  0.9248187  0.93406806 0.94268319
 0.93406806 0.93406806 0.94268319 0.95067209 0.94268319 0.94268319
 0.93406806 0.9248187  0.93406806 0.93406806 0.93406806 0.9248187
 0.9248187  0.9248187  0.9248187  0.91492637 0.91492637 0.91492637
 0.90438146 0.90438146 0.90438146 0.91492637 0.91492637 0.9248187
 0.9248187  0.91492637 0.91492637 0.90438146 0.89317346 0.89317346
 0.89317346 0.89317346 0.89317346 0.89317346 0.89317346 0.8812909
 0.89317346 0.90438146 0.90438146 0.90438146 0.90438146 0.90438146
 0.91492637 0.91492637 0.91492637 0.91492637 0.91492637 0.9248187
 0.9248187  0.93406806 0.93406806 0.93406806 0.93406806 0.94268319
 0.94268319 0.94268319 0.95067209 0.95067209 0.95067209 0.95067209
 0.95804202 0.95804202 0.95067209 0.95804202 0.95804202 0.95804202
 0.95067209 0.95067209 0.95804202 0.95067209 0.95804202 0.95804202
 0.95804202 0.95804202 0.96479955 0.95804202 0.95804202 0.96479955
 0.95804202 0.96479955 0.96479955 0.97095059 0.97650047 0.9814539
 0.98581504 0.98581504 0.98958752 0.98958752 0.98581504 0.98581504
 0.98581504 0.98581504 0.9814539  0.9814539  0.9814539  0.97650047
 0.97095059 0.97095059 0.96479955 0.96479955 0.96479955 0.97095059
 0.96479955 0.95804202 0.95804202 0.95804202 0.95804202 0.95804202
 0.95067209 0.94268319 0.94268319 0.94268319 0.94268319 0.94268319
 0.94268319 0.94268319 0.94268319 0.94268319 0.94268319 0.93406806
 0.93406806 0.9248187  0.9248187  0.9248187  0.93406806 0.94268319
 0.94268319 0.94268319 0.95067209 0.94268319 0.94268319 0.95067209
 0.95804202 0.96479955 0.96479955 0.96479955 0.95804202 0.95067209
 0.94268319 0.94268319 0.95067209 0.95067209 0.95067209 0.95804202
 0.96479955 0.97095059 0.97650047 0.97650047 0.97650047 0.97650047
 0.9814539  0.98581504 0.98958752 0.98581504 0.98958752 0.99277445
 0.99277445 0.99277445 0.98958752 0.98958752 0.98581504 0.98581504
 0.98581504 0.9814539  0.98581504 0.9814539  0.98581504 0.98581504
 0.9814539  0.98581504 0.9814539  0.9814539 ]