[0.4561861  0.4561861  0.4561861  0.46899559 0.4561861  0.4561861
 0.4561861  0.4561861  0.4561861  0.4561861  0.4561861  0.4561861
 0.4561861  0.4561861  0.4561861  0.4561861  0.46899559 0.46899559
 0.46899559 0.46899559 0.46899559 0.46899559 0.46899559 0.46899559
 0.46899559 0.46899559 0.46899559 0.46899559 0.46899559 0.46899559
 0.4561861  0.4561861  0.44311056 0.44311056 0.44311056 0.44311056
 0.44311056 0.44311056 0.44311056 0.4561861  0.4561861  0.4561861
 0.4561861  0.46899559 0.46899559 0.48154854 0.49385372 0.49385372
 0.49385372 0.49385372 0.49385372 0.49385372 0.49385372 0.49385372
 0.50591924 0.51775263 0.52936087 0.52936087 0.52936087 0.52936087
 0.52936087 0.54075048 0.55192755 0.55192755 0.56289779 0.57366654
 0.57366654 0.57366654 0.57366654 0.58423881 0.58423881 0.58423881
 0.58423881 0.58423881 0.59461934 0.60481259 0.59461934 0.59461934
 0.59461934 0.59461934 0.59461934 0.59461934 0.59461934 0.60481259
 0.60481259 0.61482276 0.60481259 0.60481259 0.60481259 0.61482276
 0.62465382 0.62465382 0.63430955 0.63430955 0.63430955 0.63430955
 0.63430955 0.63430955 0.63430955 0.63430955 0.63430955 0.63430955
 0.63430955 0.63430955 0.63430955 0.63430955 0.63430955 0.64379352
 0.64379352 0.64379352 0.64379352 0.64379352 0.64379352 0.65310911
 0.65310911 0.65310911 0.66225955 0.66225955 0.66225955 0.66225955
 0.66225955 0.66225955 0.67124789 0.67124789 0.67124789 0.67124789
 0.67124789 0.68007705 0.68007705 0.68007705 0.67124789 0.67124789
 0.67124789 0.67124789 0.67124789 0.67124789 0.67124789 0.67124789
 0.67124789 0.67124789 0.67124789 0.66225955 0.66225955 0.66225955
 0.66225955 0.66225955 0.66225955 0.67124789 0.67124789 0.67124789
 0.67124789 0.67124789 0.67124789 0.67124789 0.67124789 0.67124789
 0.67124789 0.67124789 0.67124789 0.67124789 0.67124789 0.67124789
 0.67124789 0.66225955 0.65310911 0.65310911 0.65310911 0.64379352
 0.64379352 0.64379352 0.64379352 0.64379352 0.64379352 0.63430955
 0.63430955 0.63430955 0.64379352 0.64379352 0.65310911 0.66225955
 0.66225955 0.67124789 0.67124789 0.68007705 0.68007705 0.68007705
 0.68007705 0.67124789 0.67124789 0.67124789 0.67124789 0.66225955
 0.66225955 0.66225955 0.67124789 0.67124789 0.67124789 0.67124789
 0.67124789 0.68007705 0.68007705 0.68007705 0.68874981 0.68007705
 0.68874981 0.69726882 0.69726882 0.69726882 0.69726882 0.70563661
 0.70563661 0.7138556  0.7138556  0.7138556  0.7138556  0.7138556
 0.7138556  0.7138556  0.72192809 0.72192809 0.72985632 0.72985632
 0.72985632 0.73764238 0.73764238 0.73764238 0.72985632 0.72192809
 0.72192809 0.72192809 0.72192809 0.72192809 0.72192809 0.7138556
 0.7138556  0.7138556  0.7138556  0.72192809 0.72192809 0.72192809
 0.72985632 0.72192809 0.72192809 0.72192809 0.72192809 0.7138556
 0.7138556  0.72192809 0.72985632 0.72985632 0.72192809 0.72192809
 0.72192809 0.7138556  0.72192809 0.72192809 0.72192809 0.72192809
 0.72192809 0.72192809 0.72192809 0.72192809 0.72192809 0.72192809
 0.72192809 0.72192809 0.7138556  0.7138556  0.72192809 0.72192809
 0.72192809 0.72985632 0.72985632 0.72985632 0.72985632 0.72985632
 0.72985632 0.72985632 0.72985632 0.72985632 0.72985632 0.72192809
 0.72192809 0.72192809 0.72192809 0.72192809 0.72192809 0.72192809
 0.72192809 0.7138556  0.72192809 0.72192809 0.72192809 0.7138556
 0.7138556  0.70563661 0.69726882 0.69726882 0.69726882 0.69726882
 0.69726882 0.69726882 0.70563661 0.70563661 0.69726882 0.69726882
 0.68874981 0.68874981 0.68874981 0.68874981 0.68874981 0.68007705
 0.67124789 0.67124789 0.66225955 0.65310911 0.65310911 0.65310911
 0.65310911 0.64379352 0.64379352 0.64379352 0.64379352 0.64379352
 0.63430955 0.62465382 0.62465382 0.62465382 0.62465382 0.62465382
 0.62465382 0.62465382 0.62465382 0.61482276 0.61482276 0.60481259
 0.60481259 0.60481259 0.60481259 0.59461934 0.58423881 0.59461934
 0.58423881 0.59461934 0.60481259 0.60481259 0.60481259 0.60481259
 0.60481259 0.61482276 0.61482276 0.62465382 0.62465382 0.63430955
 0.63430955 0.63430955 0.63430955 0.62465382 0.62465382 0.62465382
 0.62465382 0.62465382 0.62465382 0.61482276 0.61482276 0.61482276
 0.61482276 0.61482276 0.61482276 0.62465382 0.62465382 0.62465382
 0.61482276 0.61482276 0.61482276 0.61482276 0.61482276 0.60481259
 0.60481259 0.60481259 0.60481259 0.60481259 0.60481259 0.60481259
 0.60481259 0.60481259 0.61482276 0.61482276 0.62465382 0.62465382
 0.62465382 0.62465382 0.62465382 0.62465382 0.62465382 0.62465382
 0.62465382 0.61482276 0.61482276 0.61482276 0.61482276 0.61482276
 0.61482276 0.61482276 0.61482276 0.61482276 0.61482276 0.61482276
 0.61482276 0.61482276 0.61482276 0.61482276 0.61482276 0.61482276
 0.61482276 0.62465382 0.62465382 0.62465382 0.62465382 0.62465382
 0.62465382 0.62465382 0.62465382 0.62465382 0.62465382 0.62465382
 0.61482276 0.61482276 0.61482276 0.61482276 0.61482276 0.61482276
 0.61482276 0.60481259 0.60481259 0.60481259 0.60481259 0.60481259
 0.61482276 0.61482276 0.61482276 0.61482276 0.61482276 0.61482276
 0.60481259 0.60481259 0.60481259 0.60481259 0.60481259 0.60481259
 0.60481259 0.60481259 0.59461934 0.59461934 0.58423881 0.57366654
 0.57366654 0.57366654 0.57366654 0.57366654 0.57366654 0.57366654
 0.57366654 0.57366654 0.57366654]