[0.75279607 0.75279607 0.75279607 0.75279607 0.75279607 0.75279607
 0.75279607 0.75279607 0.74528831 0.74528831 0.74528831 0.74528831
 0.74528831 0.73764238 0.73764238 0.73764238 0.73764238 0.73764238
 0.73764238 0.74528831 0.74528831 0.74528831 0.73764238 0.73764238
 0.73764238 0.74528831 0.74528831 0.75279607 0.75279607 0.75279607
 0.75279607 0.7601675  0.76740442 0.76740442 0.76740442 0.77450853
 0.77450853 0.77450853 0.77450853 0.77450853 0.77450853 0.77450853
 0.78148149 0.77450853 0.78148149 0.7883249  0.78148149 0.77450853
 0.77450853 0.76740442 0.76740442 0.76740442 0.7601675  0.75279607
 0.75279607 0.75279607 0.75279607 0.75279607 0.74528831 0.74528831
 0.74528831 0.73764238 0.72985632 0.72985632 0.72985632 0.72985632
 0.72985632 0.72985632 0.72985632 0.72985632 0.72985632 0.72985632
 0.72985632 0.72985632 0.72985632 0.72985632 0.72985632 0.72985632
 0.72192809 0.7138556  0.7138556  0.7138556  0.72192809 0.7138556
 0.7138556  0.72192809 0.7138556  0.7138556  0.72192809 0.72192809
 0.72192809 0.72192809 0.72192809 0.72985632 0.72985632 0.72985632
 0.72192809 0.72192809 0.7138556  0.7138556  0.72192809 0.72192809
 0.7138556  0.7138556  0.72192809 0.72192809 0.72985632 0.73764238
 0.73764238 0.74528831 0.74528831 0.74528831 0.74528831 0.75279607
 0.75279607 0.7601675  0.7601675  0.7601675  0.7601675  0.76740442
 0.76740442 0.76740442 0.76740442 0.76740442 0.76740442 0.7601675
 0.7601675  0.7601675  0.75279607 0.75279607 0.7601675  0.75279607
 0.75279607 0.75279607 0.74528831 0.73764238 0.74528831 0.74528831
 0.74528831 0.74528831 0.74528831 0.74528831 0.74528831 0.74528831
 0.74528831 0.74528831 0.74528831 0.74528831 0.74528831 0.74528831
 0.74528831 0.73764238 0.72985632 0.72192809 0.72192809 0.72985632
 0.72985632 0.73764238 0.73764238 0.73764238 0.73764238 0.74528831
 0.74528831 0.73764238 0.73764238 0.73764238 0.73764238 0.73764238
 0.73764238 0.73764238 0.73764238 0.74528831 0.74528831 0.73764238
 0.74528831 0.74528831 0.75279607 0.75279607 0.74528831 0.74528831
 0.75279607 0.75279607 0.75279607 0.7601675  0.7601675  0.7601675
 0.75279607 0.75279607 0.75279607 0.75279607 0.75279607 0.75279607
 0.75279607 0.74528831 0.73764238 0.73764238 0.73764238 0.73764238
 0.73764238 0.72985632 0.72192809 0.7138556  0.70563661 0.70563661
 0.70563661 0.70563661 0.70563661 0.70563661 0.7138556  0.7138556
 0.7138556  0.7138556  0.7138556  0.7138556  0.7138556  0.70563661
 0.70563661 0.69726882 0.69726882 0.70563661 0.70563661 0.70563661
 0.69726882 0.69726882 0.69726882]