4.2724
4.2687
4.2719
4.2683
4.2720
4.2679
4.2720
4.2688
4.2683
4.2680
4.2673
4.2656
4.2704
4.2661
4.2707
4.2701
4.2654
4.2677
4.2735
4.2676
4.2675
4.2677
4.2675
4.2713
4.2714
4.2695
4.2712
4.2738
4.2692
4.2682
4.2698
4.2592
4.2731
4.2665
4.2678
4.2694
4.2599
4.2537
4.2468
4.2671
4.2657
4.2681
4.2654
4.2706
4.2679
4.2657
4.2677
4.2696
4.2711
4.2703
4.2668
4.2681
4.2714
4.2671
4.2710
4.2697
4.2706
4.2664
4.2684
4.2701
4.2654
4.2659
4.2614
4.2699
4.2718
4.2698
4.2684
4.2671
4.2667
4.2637
4.2638
4.2683
4.2672
4.2704
4.2461
4.2599
4.2602
4.2518
4.2714
4.2694
4.2676
4.2688
4.2727
4.2665
4.2673
4.2673
4.2668
4.2713
4.2731
4.2678
4.2659
4.2617
4.2699
4.2714
4.2710
4.2689
4.2654
4.2697
4.2686
4.2675
4.2659
4.2669
4.2713
4.2685
4.2720
4.2685
4.2673
4.2692
4.2681
4.2709
4.2670
4.2668
4.2658
4.2650
4.2533
4.2565
4.2539
