[0.36592365 0.36592365 0.36592365 0.36592365 0.36592365 0.36592365
 0.36592365 0.32744492 0.32744492 0.32744492 0.32744492 0.32744492
 0.32744492 0.36592365 0.36592365 0.36592365 0.36592365 0.40217919
 0.40217919 0.40217919 0.36592365 0.36592365 0.36592365 0.32744492
 0.32744492 0.36592365 0.36592365 0.36592365 0.36592365 0.36592365
 0.36592365 0.36592365 0.36592365 0.36592365 0.36592365 0.36592365
 0.40217919 0.40217919 0.40217919 0.43646982 0.43646982 0.43646982
 0.43646982 0.43646982 0.43646982 0.43646982 0.43646982 0.43646982
 0.46899559 0.49991596 0.46899559 0.46899559 0.46899559 0.46899559
 0.46899559 0.46899559 0.46899559 0.46899559 0.49991596 0.49991596
 0.49991596 0.49991596 0.49991596 0.52936087 0.55743819 0.58423881
 0.55743819 0.55743819 0.52936087 0.52936087 0.52936087 0.52936087
 0.52936087 0.52936087 0.52936087 0.49991596 0.52936087 0.55743819
 0.55743819 0.55743819 0.55743819 0.58423881 0.58423881 0.58423881
 0.58423881 0.58423881 0.58423881 0.6098403  0.6098403  0.6098403
 0.6098403  0.6098403  0.6098403  0.6098403  0.6098403  0.6098403
 0.6098403  0.6098403  0.6098403  0.6098403  0.6098403  0.6098403
 0.6098403  0.6098403  0.63430955 0.63430955 0.63430955 0.63430955
 0.63430955 0.63430955 0.63430955 0.63430955 0.65770478 0.63430955
 0.63430955 0.63430955 0.63430955 0.6098403  0.6098403  0.6098403
 0.6098403  0.6098403  0.6098403  0.6098403  0.63430955 0.6098403
 0.63430955 0.63430955 0.63430955 0.63430955 0.63430955 0.63430955
 0.63430955 0.63430955 0.63430955 0.63430955 0.6098403  0.6098403
 0.63430955 0.6098403  0.6098403  0.6098403  0.6098403  0.6098403
 0.6098403  0.6098403  0.6098403  0.6098403  0.58423881 0.55743819
 0.55743819 0.58423881 0.58423881 0.58423881 0.58423881 0.58423881
 0.58423881 0.58423881 0.55743819 0.55743819 0.55743819 0.55743819
 0.55743819 0.52936087 0.49991596 0.46899559 0.46899559 0.46899559
 0.46899559 0.46899559 0.46899559 0.46899559 0.46899559 0.49991596
 0.49991596 0.49991596 0.49991596 0.46899559 0.49991596 0.49991596
 0.49991596 0.46899559 0.46899559 0.46899559 0.46899559 0.46899559
 0.49991596 0.46899559 0.46899559 0.46899559 0.46899559 0.46899559
 0.46899559 0.46899559 0.46899559 0.46899559 0.46899559 0.46899559
 0.46899559 0.46899559 0.46899559 0.46899559 0.46899559 0.46899559
 0.46899559 0.46899559 0.46899559 0.46899559 0.46899559 0.46899559
 0.46899559 0.46899559 0.43646982 0.43646982 0.43646982 0.43646982
 0.43646982 0.43646982 0.43646982 0.43646982 0.43646982 0.43646982
 0.43646982 0.43646982 0.40217919 0.40217919 0.36592365 0.36592365
 0.36592365 0.36592365 0.36592365 0.36592365 0.36592365 0.36592365
 0.36592365 0.36592365 0.36592365 0.40217919 0.36592365 0.36592365
 0.36592365 0.36592365 0.36592365 0.36592365 0.36592365 0.36592365
 0.36592365 0.36592365 0.36592365 0.36592365 0.36592365 0.32744492
 0.32744492 0.32744492 0.32744492 0.32744492 0.32744492 0.32744492
 0.32744492 0.32744492 0.32744492 0.32744492 0.32744492 0.32744492
 0.32744492 0.32744492 0.32744492 0.32744492 0.32744492 0.32744492
 0.32744492 0.36592365 0.36592365 0.32744492 0.32744492 0.32744492
 0.28639696 0.28639696 0.24229219 0.24229219 0.24229219 0.24229219
 0.24229219 0.24229219 0.24229219 0.24229219 0.24229219 0.24229219
 0.28639696 0.28639696 0.28639696 0.28639696 0.32744492 0.32744492
 0.36592365 0.36592365 0.36592365 0.36592365 0.36592365 0.36592365
 0.36592365 0.36592365 0.36592365 0.36592365 0.32744492 0.36592365
 0.36592365 0.36592365 0.36592365 0.36592365 0.36592365 0.36592365
 0.36592365 0.36592365 0.36592365 0.36592365 0.36592365 0.36592365
 0.36592365 0.36592365 0.36592365 0.36592365 0.36592365 0.36592365
 0.36592365 0.36592365 0.36592365 0.36592365 0.36592365 0.36592365
 0.40217919 0.40217919 0.40217919 0.40217919 0.40217919 0.40217919
 0.43646982 0.40217919 0.40217919 0.40217919 0.40217919 0.40217919
 0.40217919 0.40217919 0.40217919 0.40217919 0.40217919 0.40217919
 0.40217919 0.40217919 0.40217919 0.40217919 0.43646982 0.43646982
 0.43646982 0.43646982 0.43646982 0.43646982 0.43646982 0.46899559
 0.49991596 0.49991596 0.49991596 0.49991596 0.49991596 0.49991596
 0.49991596 0.49991596 0.49991596 0.49991596 0.52936087 0.52936087
 0.52936087 0.52936087 0.52936087 0.55743819 0.55743819 0.55743819
 0.55743819 0.55743819 0.55743819 0.55743819 0.55743819 0.58423881
 0.58423881 0.6098403  0.58423881 0.6098403  0.58423881 0.58423881
 0.58423881 0.6098403  0.58423881 0.58423881 0.55743819 0.55743819
 0.55743819 0.55743819 0.55743819 0.55743819 0.55743819 0.55743819
 0.55743819 0.55743819 0.55743819 0.55743819 0.55743819 0.55743819
 0.55743819 0.58423881 0.58423881 0.58423881 0.58423881 0.58423881
 0.58423881 0.58423881 0.6098403  0.6098403  0.6098403  0.6098403
 0.63430955 0.63430955 0.63430955 0.63430955 0.63430955 0.63430955
 0.63430955 0.63430955 0.63430955 0.63430955 0.6098403  0.6098403
 0.63430955 0.63430955 0.63430955 0.63430955 0.6098403  0.6098403
 0.6098403  0.6098403  0.6098403  0.6098403  0.6098403  0.6098403
 0.6098403  0.63430955 0.63430955 0.65770478 0.65770478 0.65770478
 0.65770478 0.65770478 0.63430955 0.63430955 0.63430955 0.65770478
 0.65770478 0.68007705 0.68007705 0.65770478 0.63430955 0.63430955
 0.63430955 0.65770478 0.65770478 0.65770478 0.65770478 0.65770478
 0.65770478 0.65770478 0.63430955 0.6098403  0.6098403  0.6098403
 0.6098403  0.58423881 0.58423881 0.58423881 0.58423881 0.58423881
 0.58423881 0.58423881 0.58423881 0.55743819 0.55743819 0.52936087
 0.52936087 0.49991596 0.49991596 0.52936087 0.52936087 0.49991596
 0.49991596 0.49991596 0.49991596 0.52936087 0.52936087 0.52936087
 0.52936087 0.52936087 0.52936087 0.52936087 0.52936087 0.52936087
 0.52936087 0.49991596 0.49991596 0.49991596 0.49991596 0.49991596
 0.49991596 0.49991596 0.49991596 0.49991596 0.52936087 0.52936087
 0.49991596 0.52936087 0.52936087 0.52936087 0.49991596 0.49991596
 0.49991596 0.49991596 0.49991596 0.49991596 0.49991596 0.49991596
 0.49991596 0.52936087 0.52936087 0.52936087 0.49991596 0.49991596
 0.49991596 0.49991596 0.49991596 0.49991596 0.49991596 0.49991596
 0.49991596 0.49991596 0.49991596 0.49991596 0.49991596 0.49991596
 0.49991596 0.46899559 0.46899559 0.46899559 0.46899559 0.46899559
 0.46899559 0.46899559 0.46899559 0.43646982 0.43646982 0.40217919
 0.40217919 0.40217919 0.40217919 0.40217919 0.40217919 0.36592365
 0.40217919 0.40217919 0.40217919 0.40217919 0.40217919 0.43646982
 0.43646982 0.43646982 0.43646982 0.43646982 0.43646982 0.43646982
 0.43646982 0.43646982 0.43646982 0.43646982 0.43646982 0.43646982
 0.43646982 0.43646982 0.43646982 0.43646982 0.43646982 0.46899559
 0.46899559 0.43646982 0.43646982 0.43646982 0.43646982 0.43646982
 0.43646982 0.40217919 0.40217919 0.40217919 0.40217919 0.40217919
 0.40217919 0.40217919 0.40217919 0.40217919 0.40217919 0.40217919
 0.40217919 0.43646982 0.43646982 0.40217919 0.40217919 0.40217919
 0.40217919 0.40217919 0.36592365 0.36592365 0.36592365 0.32744492
 0.32744492 0.32744492 0.32744492 0.36592365 0.36592365 0.36592365
 0.40217919 0.43646982 0.43646982 0.43646982 0.43646982 0.40217919
 0.40217919 0.40217919 0.40217919 0.40217919 0.40217919 0.40217919
 0.40217919 0.40217919 0.40217919 0.40217919 0.40217919 0.40217919
 0.40217919 0.43646982 0.43646982 0.40217919 0.40217919 0.40217919
 0.40217919 0.40217919 0.40217919 0.40217919 0.40217919 0.43646982
 0.43646982 0.43646982 0.43646982 0.43646982 0.43646982 0.43646982
 0.43646982 0.43646982 0.43646982 0.43646982 0.40217919 0.40217919
 0.40217919 0.40217919 0.40217919 0.36592365 0.36592365 0.36592365
 0.36592365 0.36592365 0.36592365 0.36592365 0.36592365 0.36592365
 0.36592365 0.36592365 0.36592365 0.36592365 0.36592365 0.36592365
 0.36592365 0.36592365 0.36592365 0.32744492 0.32744492 0.32744492
 0.32744492 0.32744492 0.32744492 0.36592365 0.36592365 0.36592365
 0.36592365 0.40217919 0.43646982 0.43646982 0.43646982 0.43646982
 0.43646982 0.43646982 0.43646982 0.46899559 0.46899559 0.43646982
 0.43646982 0.43646982]