[0.90438146 0.90438146 0.90438146 0.90438146 0.89317346 0.89317346
 0.8812909  0.86872125 0.85545081 0.85545081 0.85545081 0.84146464
 0.82674637 0.82674637 0.81127812 0.79504028 0.79504028 0.79504028
 0.79504028 0.7780113  0.7780113  0.79504028 0.7780113  0.7780113
 0.7780113  0.7601675  0.7601675  0.74148274 0.74148274 0.74148274
 0.74148274 0.74148274 0.72192809 0.74148274 0.7601675  0.74148274
 0.72192809 0.72192809 0.70147146 0.72192809 0.70147146 0.68007705
 0.68007705 0.68007705 0.65770478 0.65770478 0.65770478 0.63430955
 0.6098403  0.6098403  0.6098403  0.6098403  0.6098403  0.6098403
 0.6098403  0.63430955 0.63430955 0.63430955 0.65770478 0.65770478
 0.68007705 0.68007705 0.68007705 0.70147146 0.72192809 0.72192809
 0.70147146 0.70147146 0.72192809 0.72192809 0.72192809 0.74148274
 0.74148274 0.74148274 0.74148274 0.74148274 0.74148274 0.74148274
 0.7601675  0.7780113  0.7780113  0.79504028 0.81127812 0.81127812
 0.81127812 0.81127812 0.82674637 0.84146464 0.84146464 0.84146464
 0.85545081 0.85545081 0.85545081 0.85545081 0.85545081 0.85545081
 0.84146464 0.84146464 0.82674637 0.84146464 0.84146464 0.85545081
 0.85545081 0.85545081 0.86872125 0.8812909  0.89317346 0.89317346
 0.90438146 0.90438146 0.90438146 0.91492637 0.9248187  0.9248187
 0.93406806 0.94268319 0.94268319 0.94268319 0.94268319 0.94268319
 0.94268319 0.93406806 0.93406806 0.93406806 0.9248187  0.9248187
 0.9248187  0.93406806 0.93406806 0.9248187  0.9248187  0.91492637
 0.91492637 0.91492637 0.91492637 0.91492637 0.9248187  0.93406806
 0.93406806 0.9248187  0.9248187  0.9248187  0.9248187  0.9248187
 0.9248187  0.9248187  0.9248187  0.9248187  0.93406806 0.93406806
 0.93406806 0.93406806 0.93406806 0.93406806 0.9248187  0.9248187
 0.9248187  0.9248187  0.91492637 0.91492637 0.91492637 0.91492637
 0.9248187  0.91492637 0.90438146 0.90438146 0.90438146 0.89317346
 0.8812909  0.89317346 0.90438146 0.90438146 0.90438146 0.90438146
 0.90438146 0.90438146 0.90438146 0.91492637 0.91492637 0.91492637
 0.91492637 0.90438146 0.89317346 0.89317346 0.90438146 0.90438146
 0.90438146 0.89317346 0.89317346 0.89317346 0.89317346 0.89317346
 0.89317346 0.89317346 0.89317346 0.89317346 0.89317346 0.89317346
 0.89317346 0.8812909  0.8812909  0.86872125 0.86872125 0.86872125
 0.85545081 0.84146464 0.82674637 0.82674637 0.81127812 0.81127812
 0.79504028 0.7780113  0.7601675  0.7601675  0.74148274 0.72192809
 0.72192809 0.72192809 0.70147146 0.70147146 0.70147146 0.70147146
 0.70147146 0.70147146 0.70147146 0.70147146 0.70147146 0.68007705
 0.68007705 0.68007705 0.68007705 0.68007705 0.68007705 0.68007705
 0.68007705 0.68007705 0.68007705 0.68007705 0.68007705 0.68007705
 0.68007705 0.68007705 0.68007705 0.68007705 0.68007705 0.70147146
 0.70147146 0.72192809 0.70147146 0.72192809 0.72192809 0.72192809
 0.72192809 0.72192809 0.72192809 0.70147146 0.70147146 0.72192809
 0.72192809 0.72192809 0.70147146 0.72192809 0.70147146 0.70147146
 0.70147146 0.70147146 0.70147146 0.70147146 0.70147146 0.70147146
 0.68007705 0.65770478 0.65770478 0.65770478 0.65770478 0.65770478
 0.65770478 0.65770478 0.63430955 0.6098403  0.6098403  0.6098403
 0.6098403  0.6098403  0.58423881 0.58423881 0.58423881 0.58423881
 0.58423881 0.58423881 0.55743819 0.55743819 0.55743819 0.55743819
 0.58423881 0.6098403  0.6098403  0.6098403  0.63430955 0.65770478
 0.65770478 0.65770478 0.65770478 0.65770478 0.68007705 0.68007705
 0.70147146 0.70147146 0.72192809 0.74148274 0.74148274 0.74148274
 0.74148274 0.7601675  0.7601675  0.7601675  0.7601675  0.7601675
 0.7601675  0.7601675  0.7601675  0.7601675  0.7601675  0.7601675
 0.7601675  0.7601675  0.7601675  0.7601675  0.7601675  0.7601675
 0.7601675  0.7601675  0.7601675  0.74148274 0.72192809 0.74148274
 0.74148274 0.72192809 0.74148274 0.74148274 0.74148274 0.74148274
 0.74148274 0.74148274 0.74148274 0.72192809 0.72192809 0.70147146
 0.70147146 0.68007705 0.70147146 0.68007705 0.68007705 0.70147146
 0.70147146 0.70147146 0.72192809 0.70147146 0.70147146 0.70147146
 0.70147146 0.68007705 0.70147146 0.70147146 0.70147146 0.72192809
 0.72192809 0.72192809 0.72192809 0.72192809 0.72192809 0.72192809
 0.72192809 0.72192809 0.72192809 0.72192809 0.72192809 0.70147146
 0.70147146 0.70147146 0.70147146 0.70147146 0.70147146 0.72192809
 0.72192809 0.72192809 0.72192809 0.74148274 0.74148274 0.74148274
 0.74148274 0.7601675  0.7601675  0.7601675  0.74148274 0.74148274
 0.74148274 0.74148274 0.72192809 0.72192809 0.72192809 0.72192809
 0.74148274 0.7601675  0.74148274 0.74148274 0.72192809 0.72192809
 0.70147146 0.68007705 0.68007705 0.70147146 0.70147146 0.70147146
 0.70147146 0.70147146 0.72192809 0.72192809 0.74148274 0.7601675
 0.7780113  0.79504028 0.79504028 0.79504028 0.79504028 0.79504028
 0.79504028 0.81127812 0.81127812 0.81127812 0.81127812 0.82674637
 0.82674637 0.82674637 0.82674637 0.81127812 0.79504028 0.81127812
 0.79504028 0.81127812 0.81127812 0.82674637 0.82674637 0.82674637
 0.84146464 0.84146464 0.84146464 0.84146464 0.84146464 0.84146464
 0.82674637 0.82674637 0.84146464 0.84146464 0.84146464 0.85545081
 0.84146464 0.84146464 0.84146464 0.84146464 0.84146464 0.84146464
 0.82674637 0.82674637 0.82674637 0.82674637 0.82674637 0.82674637
 0.82674637 0.81127812 0.81127812 0.81127812 0.81127812 0.81127812
 0.81127812 0.81127812 0.81127812 0.81127812 0.81127812 0.81127812
 0.81127812 0.81127812 0.81127812 0.79504028 0.79504028 0.79504028
 0.7780113  0.7601675  0.7601675  0.7601675  0.7601675  0.74148274
 0.7601675  0.7601675  0.7601675  0.7601675  0.7601675  0.7601675
 0.7601675  0.74148274 0.74148274 0.74148274 0.72192809 0.70147146
 0.70147146 0.70147146 0.72192809 0.72192809 0.72192809 0.72192809
 0.72192809 0.70147146 0.70147146 0.68007705 0.68007705 0.68007705
 0.65770478 0.65770478 0.63430955 0.6098403  0.6098403  0.58423881
 0.58423881 0.58423881 0.6098403  0.6098403  0.6098403  0.6098403
 0.6098403  0.6098403  0.6098403  0.58423881 0.58423881 0.58423881
 0.6098403  0.6098403  0.6098403  0.58423881 0.58423881 0.55743819
 0.55743819 0.52936087 0.52936087 0.55743819 0.52936087 0.55743819
 0.55743819 0.58423881 0.6098403  0.63430955 0.63430955 0.65770478
 0.63430955 0.6098403  0.63430955 0.63430955 0.63430955 0.63430955
 0.63430955 0.63430955 0.63430955 0.63430955 0.63430955 0.63430955
 0.63430955 0.6098403  0.63430955 0.65770478 0.65770478 0.65770478
 0.65770478 0.65770478 0.68007705 0.68007705 0.68007705 0.68007705
 0.70147146 0.70147146 0.70147146 0.70147146 0.70147146 0.70147146
 0.70147146 0.72192809 0.72192809 0.74148274 0.74148274 0.74148274
 0.7601675  0.7780113  0.7780113  0.79504028 0.7780113  0.7780113
 0.7780113  0.7601675  0.7601675  0.7601675  0.7601675  0.7601675
 0.7601675  0.7601675  0.7601675  0.7601675  0.7601675  0.7601675
 0.74148274 0.74148274 0.74148274 0.74148274 0.7601675  0.7601675
 0.7601675  0.7601675  0.7601675  0.7601675  0.7601675  0.7601675
 0.7780113  0.7780113  0.7601675  0.7601675  0.7601675  0.7601675
 0.74148274 0.74148274 0.74148274 0.72192809 0.72192809 0.72192809
 0.72192809 0.72192809 0.72192809 0.72192809 0.70147146 0.72192809
 0.72192809 0.72192809 0.72192809 0.72192809 0.72192809 0.72192809
 0.74148274 0.72192809 0.74148274 0.72192809 0.72192809 0.70147146
 0.68007705 0.65770478 0.65770478 0.63430955 0.63430955 0.63430955
 0.6098403  0.58423881 0.58423881 0.58423881 0.58423881 0.58423881
 0.58423881 0.58423881 0.6098403  0.6098403  0.63430955 0.63430955
 0.6098403  0.58423881 0.58423881 0.6098403  0.6098403  0.6098403
 0.58423881 0.6098403  0.63430955 0.63430955 0.63430955 0.63430955
 0.63430955 0.63430955 0.63430955 0.65770478 0.65770478 0.63430955
 0.63430955 0.6098403  0.6098403  0.63430955 0.63430955 0.63430955
 0.63430955 0.6098403  0.6098403  0.6098403  0.6098403  0.6098403
 0.63430955 0.65770478 0.65770478 0.65770478 0.65770478 0.65770478
 0.65770478 0.68007705 0.70147146 0.72192809 0.72192809 0.74148274
 0.74148274 0.7601675  0.74148274 0.74148274 0.74148274 0.74148274
 0.74148274 0.74148274 0.74148274 0.74148274 0.72192809 0.72192809
 0.72192809 0.72192809 0.72192809 0.72192809 0.72192809 0.72192809
 0.74148274 0.74148274 0.74148274 0.7601675  0.7601675  0.7601675
 0.7601675  0.7601675  0.7601675  0.74148274 0.74148274 0.74148274
 0.74148274 0.74148274 0.74148274 0.74148274 0.72192809 0.72192809
 0.70147146 0.72192809 0.74148274 0.74148274 0.74148274 0.74148274
 0.74148274 0.74148274 0.74148274 0.74148274 0.7601675  0.7601675
 0.7601675  0.7780113  0.7780113  0.7780113  0.7780113  0.79504028
 0.7780113  0.7780113  0.7601675  0.7601675  0.7601675  0.7601675
 0.7601675  0.74148274 0.74148274 0.74148274 0.74148274 0.74148274
 0.72192809 0.72192809 0.70147146 0.70147146 0.70147146 0.70147146
 0.70147146 0.68007705 0.68007705 0.70147146 0.70147146 0.70147146
 0.70147146 0.70147146 0.68007705 0.65770478 0.65770478 0.65770478
 0.65770478 0.68007705 0.68007705 0.68007705 0.65770478 0.63430955
 0.63430955 0.63430955 0.65770478 0.65770478 0.65770478 0.63430955
 0.6098403  0.6098403  0.63430955 0.6098403  0.63430955 0.6098403
 0.6098403  0.6098403  0.6098403  0.6098403  0.63430955 0.65770478
 0.65770478 0.65770478 0.65770478 0.65770478 0.65770478 0.65770478
 0.65770478 0.65770478 0.65770478 0.65770478 0.63430955 0.65770478
 0.65770478 0.63430955 0.65770478 0.65770478 0.68007705 0.68007705
 0.68007705 0.68007705 0.68007705 0.68007705 0.68007705 0.68007705
 0.68007705 0.68007705 0.68007705 0.68007705 0.68007705 0.65770478
 0.63430955 0.63430955 0.63430955 0.63430955 0.63430955 0.63430955
 0.63430955 0.63430955 0.6098403  0.6098403  0.6098403  0.58423881
 0.58423881 0.58423881 0.58423881 0.55743819 0.55743819 0.55743819
 0.55743819 0.55743819 0.55743819 0.55743819 0.55743819 0.55743819
 0.58423881 0.58423881 0.58423881 0.55743819 0.55743819 0.58423881
 0.6098403 ]