[47.6838124  47.78444511 47.88245499 47.88245499 47.88245499 47.79004198
 47.79004198 47.79004198 47.88245499 47.79449988 47.67454293 47.67454293
 47.67454293 47.7775568  47.7775568  47.88951085 47.97173537 47.95922864
 47.97173537 47.95479229 47.85300121 47.94466605 47.96594273 47.94466605
 47.93740532 47.84574047 47.84184857 47.84184857 47.93740532 47.84574047
 47.84574047 47.74240124 47.74240124 47.84574047 47.85743756 47.84574047
 47.85300121 47.74629315 47.6878997  47.78734703 47.79460776 47.85300121
 47.86756379 47.7775568  47.76743056 47.73351622 47.75244532 47.87002177
 47.9544319  48.05860347 48.13432572 48.22569293 48.33359747 48.33789048
 48.36524643 48.45947914 48.53181882 48.44491655 48.53181882 48.58135094
 48.48282522 48.48711823 48.58710436 48.67400662 48.7605869  48.76796319
 48.84847007 48.76796319 48.92051604 49.00102292 48.91478899 48.77078893
 48.7091416  48.7091416  48.59386076 48.59386076 48.59386076 48.49857194
 48.44149612 48.44149612 48.36406835 48.35105747 48.35105747 48.41777534
 48.35105364 48.35105364 48.39474037 48.43644464 48.43644464 48.45005526
 48.46774718 48.45005526 48.37956791 48.41565673 48.46000478 48.46000478
 48.49946022 48.47380479 48.41216419 48.41216419 48.41605609 48.46000478
 48.43315926 48.44695927 48.44695927 48.491288   48.50817595 48.52852932
 48.56487357 48.56487357 48.58720272 48.60223992 48.60223992 48.60415919
 48.62743985 48.62743985 48.64410507 48.65411865 48.70984646 48.70984646
 48.76843215 48.76843215 48.75749859 48.77642769 48.75822808 48.75701417
 48.73279698 48.72920718 48.72869821 48.69459196 48.65850313 48.64881348
 48.64881348 48.67866262 48.66966571 48.72061317 48.72061317 48.66234571
 48.5966136  48.58985189 48.65217371 48.58985189 48.51617599 48.56435779
 48.54549152 48.54221885 48.45812211 48.36384355 48.36136001 48.26137389
 48.36241612 48.43230373 48.53391273 48.43538702 48.33121544 48.33878112
 48.23207306 48.24566436 48.3253821  48.43907743 48.33162722 48.3506443
 48.26230632 48.26230632 48.16167361 48.08426309 48.02298993 48.02298993
 47.87432692 47.96377981 47.84343862 47.77795211 47.71582748 47.57459587
 47.57459587 47.62485167 47.62485167 47.5436296  47.66798084 47.52309125
 47.58692661 47.45089107 47.31534808 47.41296452 47.41296452 47.41296452
 47.41296452 47.40034879 47.30273236 47.07240552 47.07240552 46.94012867
 46.94012867 47.04875751 46.79709397 46.91940693 46.65680894 46.65680894
 46.77912189 47.03934399 47.03934399 46.77912189 46.77912189 46.77912189
 46.64257385 46.52026089 46.64257385 46.51086347 46.21442528 46.07717176
 46.14476186 46.26291538 46.26291538 46.13856413 46.13856413 46.43704061
 46.43704061 46.33050547 46.33050547 46.62694366 46.45281842 46.28192054
 46.11535712 46.00672827 45.84574312 46.17753132 46.03564617 45.90253754
 46.11095047 45.75715999 45.62230509 45.62230509 45.47486752 45.8536674
 45.73162393 45.59684363 45.70039142 45.81459682 45.94030769 46.07508799
 46.07508799 46.21327051 46.45336171 46.45336171 46.45336171 46.58761174
 46.58761174 46.51351294 46.39423831 46.12575224 45.85918771 45.4412518
 45.78383056 46.19781999 46.19781999 46.594381   46.594381   46.594381
 46.594381   46.594381   46.97337582 46.594381   46.19781999 45.9355925
 46.19781999 46.19781999 46.594381   46.594381   46.97337582 46.97337582
 46.97337582 47.21401126 47.56257298 47.45802836 47.7940074  47.7940074
 48.11247771 47.89104147 47.89104147 48.00120071 48.29529285 48.29529285
 48.29529285 48.29529285 48.00120071 48.00120071 48.00120071 48.00120071
 48.00120071 47.67614138 47.67614138 47.67614138 47.67614138 47.49315956
 47.49315956 47.49315956 47.49315956 47.49315956 47.17254278 47.49315956
 47.49315956 47.17254278 46.83541752 46.83541752 46.83541752 46.48191905
 46.72819919 46.72819919 46.63101816 46.27053261 46.63101816 46.27053261
 46.47321388 46.47321388 46.63101816 46.4198332  46.4198332  46.76455176
 47.09335458 46.76455176 47.09335458 47.31651393 47.6173134  47.6173134
 47.6173134  47.44645147 47.44645147 47.44645147 47.36553298 47.36553298
 47.05714021 47.05714021 47.29259439 47.36553298 47.36553298 47.05714021
 47.05714021 47.05714021 47.05714021 47.05714021 47.05714021 47.05714021
 47.29259439 47.29259439 47.29259439 47.29259439 47.58920314 47.58920314
 47.52697063 47.52697063 47.58920314 47.58920314 47.58920314 47.8705467
 48.13649312 48.13649312 48.13649312 48.13649312 48.33651953 48.33651953
 48.50314191 48.54924898 48.75912035 48.79514872 49.02513265 49.02513265
 49.21296083 49.21296083 48.99391135 48.75912035 48.75912035 48.75912035
 48.96691912 48.75912035 48.75912035 48.50869429 48.50869429 48.50869429
 48.24274787 48.50869429 48.7276018  48.7276018  48.7276018  48.47293618
 48.7276018  48.7276018  48.47293618 48.20304328 47.9180529  48.11739391
 48.39873747 48.11739391 48.11739391 48.11739391 48.39873747 48.43449558
 48.66468389 48.66468389 48.66468389 48.85189648 48.85189648 48.85189648
 48.58595006 48.58595006 48.58595006 48.3046065  48.3046065  48.58595006
 48.63719939 48.63719939 48.63719939 48.87193288 48.87193288 48.87193288
 48.89186501 48.89186501 48.63719939 48.89186501 48.63719939 48.89186501
 48.89186501 48.7276018  48.47293618 48.24274787 47.96140431 47.96140431
 47.66479556 47.82078516 48.08231611 48.00799775 47.97713205 48.25308353
 48.25308353 48.25308353 48.31578351 48.29497684 48.29497684 48.57488331
 48.8404825  48.8404825  48.57488331 48.57488331 48.8404825  49.05392983
 49.08278962 49.08278962 49.31916627 49.31916627 49.54922144 49.31642329
 49.31642329 49.54922144 49.76810046 49.98107122 49.98107122 50.17569245
 49.97293522 49.76810046 49.54862416 49.76385636 49.54862416 49.54862416
 49.54862416 49.54862416 49.76726773 49.88403542 49.88403542 49.88827951
 49.64806379 49.64806379 49.39357335 49.13071715 49.12494767 49.39357335
 49.39357335 49.37899892 49.64574703 49.64574703 49.37899892 49.39357335
 49.39357335 49.39357335 49.13071715 48.90206001 48.90206001 48.90206001
 48.90206001 48.90206001 48.90206001 49.16491621 49.16491621 49.16491621
 48.90206001 48.90206001 49.17068569 49.17068569 48.96497792 49.21672537
 48.96497792 48.69364708 48.50374403 48.77745077 48.50374403 48.49085521
 48.49085521 48.50374403 48.21671821 48.50374403 48.23404338 48.23404338
 48.23404338 48.34822787 48.36851873 48.0835312  48.06120205 47.76103366
 47.78505472 48.0835312  48.34822787 48.60664772 48.60664772 48.71596855
 48.46865745 48.71596855 48.96763209 48.96763209 48.96763209 48.96763209
 48.96763209 48.96763209 48.96763209 48.71596855 48.71596855 48.8304734
 48.57677157 48.81758458 49.06052857 49.28389677 49.28389677 49.28389677
 49.05153165 49.05153165 49.05153165 48.9254885  48.67951631 48.42181536
 48.4348114  48.5778461  48.5778461  48.59376312 48.82381828 49.05787531
 49.27984299 49.27984299 49.27984299 49.27984299 49.48955885 49.48260022
 49.59122907 49.78732809 49.58763927 49.38151321 49.38151321 49.38151321
 49.38151321 49.38151321 49.58763927 49.37588512 49.37588512 49.15222553
 49.15222553 49.04421165 49.04421165 49.27826868 49.27826868 49.27826868
 49.50023636 49.28389677 49.06052857 49.2908554  49.0713791  49.08429009
 49.29933004 49.29933004 49.43140767 49.21636772 49.21636772 48.98054308
 48.73125543 48.87465538 48.73125543 48.73125543 48.46865745 48.35178963
 48.21524158 48.21524158 47.95614178 48.24112931 48.13607572 48.37767736
 48.35178963 48.35178963 48.32946047 48.0760446  48.0760446  48.05202354
 48.05202354 48.05202354 48.05202354 48.05202354 48.05202354 48.32946047
 48.32946047 48.32946047 48.32946047 48.32946047 48.59409675 48.61438761
 48.50837776 48.50837776 48.74690757 48.97215335 48.98993353 48.98993353
 48.98993353 48.98993353 49.01059081 49.01059081 49.21542557 49.13265487
 49.13265487 49.32047916 49.32047916 49.25382693 49.25382693 49.25382693
 49.44786859 49.25382693 49.25382693 49.26689091 49.26689091 49.46353963
 49.46353963 49.46353963 49.46353963 49.45471521 49.60223759 49.41441329
 49.41441329 49.41441329 49.57650934 49.57650934 49.76433364 49.57650934
 49.57221125 49.56960418 49.56960418 49.35831846 49.56960418 49.56960418
 49.35831846 49.55006616 49.32820158 49.32820158 49.10242577 49.10242577
 48.85492242 48.5926635  48.61332077 48.36730649 48.36730649 48.3046065
 48.3046065  48.04307554 47.73468278 47.73468278 48.04307554 48.04307554
 48.33603748 48.3046065  48.33603748 48.33603748 48.33603748 48.54864417
 48.82604125 48.57612867 48.28711322 48.02207186 48.02207186 47.70537829
 47.70537829 48.02207186 47.70537829 47.97781084 48.29055793 48.29055793
 47.97781084 48.27858353 48.27858353 47.9537272  47.9537272  47.61265546
 47.61265546 47.25551017 47.25551017 47.61265546 47.25551017 46.93816975
 46.88244194 46.88244194 46.94380391 46.94380391 46.94380391 47.30428946
 46.94380391 46.94380391 46.6264635  46.99953173 46.99953173 47.35667701
 47.35667701 47.69774875 48.02260509 47.69774875 48.02260509 48.02260509
 47.69774875 47.69774875 47.69774875 47.69774875 47.69774875 47.69774875
 47.75238797 47.75238797 47.75238797 48.02260509 48.33111262 48.33111262
 48.62314621 48.62314621 48.94820554 48.94820554 48.94820554 48.94817876
 49.23032328 48.94817876 49.20418398 49.20418398 49.24201679 48.97406395
 48.70384683 48.70384683 48.70384683 48.70384683 48.97406395 48.70384683
 49.01004821 49.29878896 49.29878896 49.01004821 49.01004821 48.69007089
 48.3787875  48.64900462 48.33291417 48.33291417 48.00002846 47.65047647
 48.03743329 48.03743329 47.67529863 47.67529863 47.67529863 47.6265579
 47.6265579  47.99263905 47.6265579  47.6265579  47.24409311 47.58320649
 47.58320649 47.24409311 47.24409311 47.6265579  47.6265579  47.99263905
 47.67529863 48.03743329 48.38274573 48.34219103 48.67507674 48.67507674
 48.69916038 48.3785436  48.3785436  48.08621259 48.08621259 48.4190983
 48.4190983  48.4190983  48.08621259 47.81772652 47.52281374 47.63227454
 47.69761983 47.42503985 47.42503985 47.77035228 47.69761983 47.69761983
 47.820048   47.6283003  47.95315663 47.95315663 48.20055843 48.49711834
 48.73149458 48.73149458 48.44671868 48.69093989 48.69093989 48.69093989
 48.96409741 48.96409741 48.96409741 48.96409741 48.96409741 48.96409741
 48.96409741 48.73149458 48.44671868 48.5648722  48.83802972 48.61527186
 48.33049596 48.61527186 48.88390305 48.99808753 48.99808753 48.99808753
 49.19811394 49.19811394 49.42809787 49.19811394 49.19811394 49.19811394
 49.19811394 49.16208558 49.16208558 49.36988434 49.16208558 49.16208558
 48.91165951 49.16208558 49.39687657 49.16208558 49.39687657 49.59374089
 49.61592605 49.42809787 49.33630294 49.33630294 49.56120486 49.33630294
 49.53506556 49.53506556 49.53506556 49.5128804  49.5128804  49.5128804
 49.5128804  49.27808941 49.02766334 49.02766334 49.02766334 48.76171692
 48.76171692 48.76171692 49.02766334 49.02766334 49.02766334 48.76171692
 48.48037336 48.48037336 48.48037336 48.52007795 48.22711602 48.52007795
 48.52007795 48.79747503 48.52007795 48.52007795 48.52007795 48.79747503
 48.76171692 49.02766334 48.79747503 48.76171692 48.76171692 49.02766334
 49.27808941 49.25484446 49.02766334 49.25484446 49.02766334 49.02766334
 49.02766334 49.00017884 49.23491233 49.23491233 49.47846921 49.64509159
 49.86465003 49.64509159 49.70685208 49.70685208 49.91995078 50.11817252
 50.11817252 50.31221418 50.31221418 50.31973031 50.12308159 49.91304562
 50.12009179 49.91304562 49.91304562 49.91304562 50.12009179 50.11817252
 50.30548786 50.30548786 50.48931599 50.48931599 50.48931599 50.50163918
 50.50163918 50.31973031 50.32772409 49.93701305 49.78525111 49.58041635
 49.52089256 49.73593251 49.73593251 49.94076727 49.78505885 49.78505885
 49.97968008 50.02609175 49.85826927 50.0006959  50.17394213 50.17394213
 50.0088319  49.86922296 50.03638663 49.87708097 49.70046591 49.72739362
 49.86922296 49.85982114 49.68141804 49.68141804 49.68141804 49.48983677
 49.28707954 49.48868785 49.67692886 49.48809057 49.67268476 49.84349456
 49.67268476 49.84349456 50.01284889 50.01284889 50.02493137 50.19209505
 50.0364362  50.0364362  50.03638663 50.0364362  50.0364362  50.03638663
 50.18279162 49.91035907 49.91035907 50.06606748 50.06606748 50.21778947
 50.21778947 50.08043782 49.93038601 50.08043782 49.93038601 49.93038601
 49.93038601 49.76035683 49.76035683 49.75249882 49.75249882 49.90815766
 49.90815766 49.75249882 49.75249882 49.75249882 49.75249882 49.57925259
 49.40084949 49.40084949 49.57925259 49.75249882 49.76035683 49.76035683
 49.75249882 49.75249882 49.90815766 49.89607518 49.89607518 49.74436282
 49.74436282 49.89607518 49.89607518 49.89607518 49.74436282 49.89607518
 49.89607518 49.89607518 49.74436282 49.74436282 49.89607518 49.89607518
 49.89607518 49.89607518 49.74436282 49.57925259 49.74436282 49.74436282
 49.75249882 49.76035683 49.76035683 49.76035683 49.76035683 49.58825952
 49.40199841 49.40348966 49.58825952 49.40199841 49.58374177 49.40199841
 49.20739065 49.20926822 49.20926822 49.20926822 49.20926822 49.40199841
 49.40199841 49.20926822 49.20926822 49.20926822 49.20926822 49.00463341
 48.79555456 48.79555456 48.98037655 48.98037655 48.75513077 48.52951196
 48.51660097 48.28022431 48.51660097 48.3419848  48.41208745 48.6271274
 48.6271274  48.6271274  48.83620626 48.83620626 48.61627687 48.60727995
 48.37322292 48.37322292 48.38391174 48.13927585 48.13927585 47.89846284
 48.15385658 48.39680056 48.41208745 48.45870893 48.37784844 48.37784844
 48.37784844 48.13554132 47.86183459 47.57480877 47.46827363 47.15648687
 46.96151733 46.8315798  47.15646009 46.85055962 46.88639491 47.09922202
 47.39890513 47.39890513 47.2202214  47.50795689 47.50795689 47.71874571
 47.39890513 47.69285798 47.69285798 47.98062368 48.00091454 48.00091454
 48.00091454 47.69285798 47.48003087 47.79012572 47.48003087 47.15646009
 47.48003087 47.48003087 47.50795689 47.50795689 47.35015893 47.38913218
 47.38913218 47.38913218 47.54006198 47.54006198 47.50795689 47.69285798
 47.37097911 47.39686429 47.04923665 46.68800379 46.68800379 46.68800379
 46.71895801 47.04923665 47.04923665 47.0238793  47.0238793  47.0238793
 47.37284323 47.68934455 47.99833459 47.99833459 48.29943253 47.98630948
 47.98630948 47.98630948 47.66043149 47.97668227 47.65020901 47.97668227
 47.97668227 47.97668227 47.65020901 47.66043149 47.4566013  47.78247929
 47.78247929 48.08357722 48.07395001 48.07395001 48.07395001 48.07395001
 48.07395001 48.07395001 48.07395001 48.07395001 48.07395001 48.07395001
 48.07395001 48.07395001 48.07395001 47.70964395 47.70964395 48.01271481
 48.01271481 48.1077993  48.38754344 48.38754344 48.1077993  47.81617909
 47.82640157 47.53692201 47.66255715 47.66255715 47.66255715 47.94058605
 47.94058605 47.95358209 47.95358209 47.95358209 47.94058605 47.94058605
 47.94058605 47.64896584 47.94058605 47.66255715 47.66255715 47.37696949
 47.37696949 47.37696949 47.37696949 47.37696949 47.06228025 47.35948628
 47.66255715 47.66255715 47.64896584 47.94058605 47.94058605 47.94058605
 47.95358209 47.95358209 47.95358209 47.83939761 47.73286247 47.43565644
 47.10977844 47.10977844 46.79327713 47.10977844 47.10977844 47.13110274
 47.45600981 47.76779657 47.74877949 48.03436714 48.32308487 48.59882989
 48.32308487 48.32308487 48.03436714 48.03436714 48.32308487 48.58983297
 48.85446925 48.85446925 48.85446925 49.10254299 49.10254299 49.34344868
 49.31333181 49.55351321 49.31260751 49.5551694  49.31222541 49.31222541
 49.05890568 49.41823526 49.65554218 49.38937548 49.65554218 49.6568411
 49.91455688 49.6568411  49.91455688 49.91223483 49.91455688 49.91455688
 50.16211457 50.16211457 50.18034118 49.92361115 49.92361115 50.18211608
 50.18211608 49.92441513 49.65518447 49.92441513 49.94934432 49.66879621
 49.66879621 49.94934432 49.66900491 49.94934432 49.66900491 49.377176
 49.377176   49.377176   49.377176   49.377176   49.66879621 49.37715668
 49.08299682 48.78050639 48.81781227 48.81781227 49.10885205 49.38919146
 49.38921078 49.14882058 48.93197952 48.6514314  48.36141475 48.65324367
 48.65324367 48.65324367 48.65324367 48.65630763 48.65630763 48.36468742
 48.65630763 48.65630763 48.93605177 48.65630763 48.87313386 48.87313386
 48.87313386 48.87313386 48.58649013 48.22277933 48.22277933 48.51380428
 48.51380428 48.50942306 48.57234098 48.84097637 48.84097637 48.57234098
 48.57234098 48.84097637 48.84097637 49.20371625 49.20221847 49.20221847
 49.20221847 49.1504093  48.87066516 48.87066516 48.87066516 49.14940101
 48.8690616  49.14940101 49.38919146 49.38919146 49.65844144 49.38919146
 49.65782686 49.65844144 49.65844144 49.91694636 49.91614239 50.16211457
 50.39928279 50.39928279 50.40084898 50.62681578 50.62681578 50.84159813
 50.62584486 50.83929091 50.62584486 50.83929091 50.83929091 50.83929091
 50.83929091 50.83929091 50.62584486 50.62294238 50.83469653 50.83469653
 50.83469653 50.83469653 50.62294238 50.62294238 50.83469653 50.83469653
 50.83469653 50.83469653 50.83469653 50.83929091 50.83929091 50.62294238
 50.39617161 50.3915579  50.3915579  50.15919278 49.91223483 49.91223483
 49.91223483 49.67346751 49.91940233 50.15578141 49.91940233 49.92172438
 49.67476643 49.67476643 49.67476643 49.41803641 49.41803641 49.1504093
 49.41803641 49.41805125 49.41805125 49.41807056 49.41807056 49.14882058
 49.41807056 49.14863119 49.14882058 49.14882058 48.8690616  48.57904495
 48.27903805 48.27903805 48.28401453 47.96932529 47.97668227 47.97668227
 47.66043149 47.97668227 47.97668227 47.97668227 48.29077624 47.98630948
 47.98630948 47.98630948 48.29077624 48.29077624 48.59228092 48.59228092
 48.59228092 48.29077624 48.29077624 47.98630948 48.29077624 48.58649013
 48.87654415 48.87654415 48.87654415 48.93946206 48.93605177 49.20371625
 49.15190708 49.41807378 49.65554218 49.38937548 49.11401255 49.11193855
 48.75260896 48.72675374 48.71784273 48.71784273 48.69446711 48.39296244
 48.39296244 48.39296244 48.40187344 48.09939785 48.09939785 48.39749223
 48.39442827 48.39442827 48.0911487  48.0911487  48.08952582 47.82434127
 47.82434127 47.51125558 47.51125558 47.45054731 47.77541701 47.77541701
 47.77541701 47.77541701 48.10128306 47.77539023 47.77539023 47.77539023
 47.77539023 47.51122881 47.59733119 47.59733119 47.59733119 47.59733119
 47.91144    47.91144    47.91144    48.21453018 48.21453018 47.91144
 47.91144    47.91452328 47.91144    47.88806439 47.88806439 48.17808104
 48.17970391 48.17808104 48.17970391 47.88806439 47.88806439 47.89114767
 47.59696849 47.62282372 47.62282372 47.62034018 47.89907603 47.62034018
 47.62034018 47.62034018 47.89907603 47.90009916 48.16934914 47.90318245
 47.90009916 48.16934914 48.16934914 47.90318245 47.62781952 47.90836763
 47.90836763 47.90836763 47.90836763 48.17262182 48.17262182 48.17262182
 48.43091803 48.43091803 48.67786114 48.43091803 48.43091803 48.43091803
 48.67539244 48.43091803 48.43529924 48.68127143 48.68127143 48.43529924
 48.43529924 48.69608774 48.43838679 48.16915613 48.43838679 48.43838679
 48.43838679 48.69608774 48.94056215 48.94056215 49.17595548 49.17595548
 49.17591811 48.91074839 48.91074839 48.67378888 48.91074839 48.89693958
 48.89693958 48.89693958 48.67951809 48.89586662 49.10160769 49.2981106
 49.48435287 49.48435287 49.2981106  49.48435287 49.2981106  49.2981106
 49.2981106  49.29749601 49.29749601 49.48276737 49.29749601 49.48435287
 49.48435287 49.66017283 49.65725104 49.48044531 49.48044531 49.48044531
 49.65323707 49.82078895 49.97988722 50.12348375 49.97323523 49.97323523
 49.82078895 49.97988722 49.97988722 50.03822976 49.87007814 49.87007814
 50.03157777 49.86402589 49.69327242 49.69327242 49.86402589 49.6882433
 49.74177664 49.91960561 50.08527803 50.2386701  50.33630278 50.28701359
 50.28701359 50.44448899 50.57956989 50.57956989 50.73806842 50.73806842
 50.72056836 50.84907025 50.96498263 51.09755532 51.0682224  51.26151576
 51.14984294 51.14984294 51.14984294 51.14984294 51.0012173  50.86781213
 50.86781213 50.86781213 50.88793588 51.04643441 51.04643441 51.1749363
 51.29084868 51.51356858 51.77596999 51.80166309 51.64256482 51.49615982
 51.08410964 51.08410964 51.08410964 51.08410964 51.08410964 51.23051463
 51.23051463 51.06398589 50.90832705 51.12414499 50.90832705 50.90832705
 50.88966371 50.90832705 50.72455348 50.90832705 50.90832705 50.72455348
 50.74549138 50.74549138 50.54414637 50.54414637 50.54414637 50.72874056
 50.89955036 50.89955036 50.68948584 50.68948584 50.51867604 50.68948584
 50.50322473 50.50322473 50.33540225 50.33540225 50.33540225 50.16459245
 49.97999826 49.97999826 50.17609728 50.16459245 49.97186226 50.15250997
 49.97186226 50.15250997 49.97186226 49.97186226 49.97186226 50.16459245
 50.15250997 50.33540225 50.16459245 49.97999826 49.97999826 49.97999826
 49.97999826 49.77724103 49.77724103 49.97999826 49.78173021 49.78173021
 49.97999826 49.78173021 49.56875945 49.77724103 49.56875945 49.77724103
 49.56816217 49.76385636 49.76385636 49.96474464 49.76385636 49.76726773
 49.76726773 49.76726773 50.00735892 49.78549433 49.7817401  49.7787503
 49.7817401  49.7817401  49.99936514 49.99936514 49.99936514 49.99936514
 49.99936514 49.7817401  49.99936514 49.7817401  49.7635135  49.54289867
 49.54164891 49.30508    49.05392983 49.05392983 48.78833065 48.78833065
 48.50842417 48.29497684 48.02442638 48.02442638 48.31578351 48.05145042
 48.05145042 47.87963484 47.87963484 48.16796548 48.4415052  48.16796548
 48.13709979 48.41397977 48.41397977 48.41397977 48.13709979 48.13709979
 48.41397977 48.41397977 48.13709979 48.13709979 48.41397977 48.61332077
 48.87193288 48.89186501 49.13118233 49.13118233 48.91510995 48.69620244
 48.43449558 48.43449558 48.43449558 48.28754212 48.28754212 48.28754212
 48.28754212 48.28754212 48.28754212 48.28754212 48.54924898 48.54924898
 48.54924898 48.59512231 48.39452118 48.39452118 48.39452118 48.12588999
 47.84111409 48.12588999 48.12588999 47.91384654 48.12588999 48.12588999
 48.29366033 48.56229152 48.56229152 48.36186645 48.36186645 48.36186645
 48.36186645 48.62569058 48.87298205 48.87298205 49.01983765 48.77789757
 48.71958051 48.77789757 49.01983765 48.84347896 48.59008823 48.84347896
 48.84347896 48.94563894 48.94563894 48.6922482  48.51915544 48.51915544
 48.24371293 48.24371293 48.13466117 47.83067996 48.13466117 47.95167935
 47.95167935 47.64317181 47.7052723  47.7052723  48.02588908 48.32987029
 48.32987029 48.32987029 48.40588507 48.10671093 48.40588507 48.32987029
 48.32987029 48.26166416 48.26166416 48.26166416 48.26166416 48.26166416
 47.95315663 48.02588908 48.32987029 48.55369775 48.82914026 49.08788239
 49.32982247 49.32982247 49.5191428  49.32982247 49.32982247 49.32982247
 49.28848352 49.28848352 49.28848352 49.28848352 49.5191428  49.5191428
 49.59183774 49.56120486 49.76982095 49.76982095 49.76982095 49.76982095
 49.76982095 49.8399236  49.81913569 50.00641507 50.00641507 49.81913569
 49.64206535 49.64206535 49.42809787 49.42809787 49.64206535 49.8399236
 49.91697328 50.08823978 50.08823978 50.08823978 49.835519   49.99069759
 49.85466206 49.70670453 49.70670453 49.7531162  49.88230149 49.98882603
 49.98882603 49.96189832 49.96189832 49.83271303 49.56743648 49.56743648
 49.69345204 49.80945587 49.94313512 49.95282477 49.96376713 49.96376713
 49.82506917 49.70948808 49.84813646 49.84813646 49.84813646 49.84813646
 49.70999704 49.55759917 49.70999704 49.55759917 49.39102893 49.21038122
 49.21038122 49.01575999 49.01575999 49.01575999 49.01575999 49.01575999
 49.01575999 49.01575999 48.80727841 48.73022873 48.71244855 48.71244855
 48.71244855 48.93466783 48.93466783 48.93466783 48.93466783 48.93466783
 49.14314941 48.93466783 49.14314941 49.01575999 49.21038122 49.39102893
 49.55499211 49.38418231 49.55499211 49.55499211 49.55759917 49.7119163
 49.84490259 49.84490259 49.84490259 49.84490259 50.00036918 49.85289638
 49.85289638 49.71866033 49.5535501  49.55374235 49.37898607 49.5535501
 49.55374235 49.55374235 49.55374235 49.55374235 49.55374235 49.2813098
 49.2813098  49.28650604 49.28650604 49.28650604 49.41949233 49.41949233
 49.41949233 49.24993228 49.42074208 49.42074208 49.24993228 49.40169422
 49.33241283 49.48933702 49.6322835  49.6322835  49.48933702 49.48933702
 49.48933702 49.48933702 49.33241283 49.33241283 49.16160302 49.16844964
 49.16844964 49.17727407 49.17727407 49.17727407 49.17727407 49.17727407
 49.33931799 49.17727407 49.16844964 49.16844964 48.98780194 48.79318071
 48.58469913 48.79318071 48.60535641 48.60535641 48.60535641 48.38647739
 48.41400282 48.60535641 48.81019117 48.79318071 48.58469913 48.56691895
 48.74871445 48.54427534 48.31147719 48.29067052 48.52649516 48.73653113
 48.51128535 48.71699311 48.71699311 48.71699311 48.48116847 48.48116847
 48.71699311 48.71699311 48.71699311 48.71699311 48.48116847 48.48116847
 48.69961979 48.45033214 48.18773416 48.18773416 48.44686646 48.43601593
 48.43601593 48.71658448 48.71658448 48.97212698 48.69638196 48.41498423
 48.44083946 48.44083946 48.44083946 48.71095639 49.03004589 49.03004589
 48.75706346 48.47566573 48.18618617 48.18618617 48.18618617 48.18618617
 48.44735676 48.42682738 48.43767792 48.43767792 48.43767792 48.73488395
 49.02894624 48.99411997 48.99411997 48.98029952 49.23781645 49.48137244
 49.23781645 49.23781645 48.98029952 49.23781645 49.23781645 49.48137244
 49.48137244 49.23781645 49.23781645 49.23781645 49.23781645 49.23781645
 49.23781645 48.95537032 49.20195281 49.20195281 48.95537032 49.20195281
 48.95537032 49.20007523 48.94331882 49.22847011 48.97918247 48.71658448
 48.44983637 48.44983637 48.21405988 48.20023944 48.18955061 47.92280251
 47.92280251 47.63274849 47.91077739 47.91077739 47.63274849 47.63274849
 47.92280251 47.92534216 47.92534216 47.92534216 47.92534216 47.93992289
 47.93992289 47.92534216 47.62383748 47.62383748 47.62383748 47.54951912
 47.54951912 47.22364112 47.53652308 47.84098984 47.53652308 47.21004982
 47.2961522  47.60061896 47.28572102 47.28572102 47.28572102 46.95922844
 46.86117844 46.51122875 46.15003326 46.15003326 46.15003326 46.15003326
 46.15003326 46.50547533 46.50547533 46.85440189 46.85440189 46.50547533
 46.85440189 46.50547533 46.50547533 46.50547533 46.50547533 46.50547533
 46.14574025 46.14574025 45.77787145 45.78502996 45.78502996 46.15003326
 46.15003326 46.14574025 46.14574025 46.14574025 46.14574025 46.14574025
 46.14574025 46.14574025 46.14574025 46.15003326 46.15003326 45.78502996
 45.77787145 46.15003326 46.15003326 46.15865218 46.15003326 46.15865218
 46.15865218 46.15865218 46.17166305 46.15865218 46.5208708  46.5208708
 46.5208708  46.87142024 46.87142024 46.86117844 46.86117844 46.51122875
 46.15865218 46.15865218 46.15865218 46.15865218 46.15865218 45.79701771
 45.79701771 45.79701771 46.17166305 45.81392049 46.18916558 46.18916558
 46.14038629 46.51582077 46.86113661 46.51582077 46.16251455 46.53774033
 46.53774033 46.53774033 46.89994411 46.5640686  46.59502282 46.59502282
 46.22136324 46.22136324 46.22136324 46.59502282 46.63137539 46.63137539
 46.63137539 46.86461996 46.5033871  46.42232119 46.035108   45.63456272
 46.00818446 46.39599291 46.39599291 46.00818446 46.39599291 46.00818446
 46.10183305 46.47705883 46.47705883 46.47705883 46.12875659 46.12875659
 46.20982251 46.12875659 46.12875659 46.12875659 46.5033871  46.12875659
 46.47705883 46.12875659 46.035108   45.63456272 45.63456272 45.63456272
 46.00818446 46.00818446 45.93408566 46.26053214 45.8740212  46.28686042
 45.90594634 45.90594634 45.94311792 46.35364993 46.74960082 46.74960082
 46.35364993 46.42774872 46.81096279 46.42774872 46.42774872 46.03010593
 45.61823763 45.66227736 46.07280937 46.07280937 46.46876026 46.84993603
 46.84993603 47.17955589 47.17955589 47.21615324 47.56723856 47.56723856
 47.9168044  47.60716363 47.67580282 47.67580282 48.00825245 48.00825245
 48.00825245 48.00825245 48.29351505 48.29351505 48.598261   48.29351505
 48.57438238 48.57438238 48.85033386 48.5537251  48.5537251  48.5537251
 48.5537251  48.5537251  48.50410828 48.50410828 48.78909866 48.78909866
 49.05899156 49.31365718 49.25644136 49.01288449 49.25644136 49.02594847
 49.02594847 49.02594847 49.02594847 49.25644136 49.25644136 49.25644136
 49.01288449 49.02594847 48.77128284 48.75427238 48.75427238 49.01288449
 48.77128284 48.50138994 48.50138994 48.50138994 48.52526856 48.243925
 48.52526856 48.50138994 48.50138994 48.52526856 48.243925   48.28123088
 48.25370545 47.96537481 47.96537481 47.69629149 47.96537481 48.22970791
 48.50658789 48.76884681 48.76884681 49.01635017 48.76884681 48.76884681
 48.7977066  48.7977066  48.54655643 48.7977066  48.54655643 48.7977066
 48.7977066  48.7977066  48.81471706 48.85559178 49.06439238 49.05359928
 49.26883149 49.26883149 49.26883149 49.46847001 49.26363525 49.26363525
 49.26363525 49.46827776 49.25979618 49.25979618 49.24025817 49.24409724
 49.24409724 49.05359928 49.05359928 49.26883149 49.26883149 49.46847001
 49.46971977 49.26883149 49.26883149 49.26883149 49.05359928 49.05359928
 49.13250739 49.13250739 49.13250739 49.35831846 49.35831846 49.56835443
 49.54881641 49.76010213 49.76010213 49.96474464 49.76385636 49.97293522
 49.76385636 49.76385636 49.77299693 49.66289899 49.66289899 49.66289899
 49.46847001 49.46847001 49.66289899 49.46827776 49.48809057 49.28982253
 49.48868785 49.67692886 49.68141804 49.48983677 49.48983677 49.68593579
 49.8750624  49.87511454 49.68050678 49.88185179 50.06662165 50.06662165
 50.23871896 50.06662165 50.07527142 50.07527142 49.8877964  49.8877964
 49.8877964  49.88185179 49.68050678 49.47316681 49.47316681 49.68453887
 49.68453887 49.88185179 49.89295179 49.89295179 49.89295179 49.89295179
 50.09620932 50.09620932 50.08755955 50.08755955 49.89295179 50.08755955
 50.07779581 50.06707229 50.05556746 50.05556746 50.05556746 50.05556746
 49.87097328 49.78313491 49.78313491 49.96939602 49.96939602 49.78313491
 49.59489391 49.59489391 49.87097328 49.87097328 49.87097328 50.05556746
 50.05556746 49.86283727 49.86283727 49.66397195 49.66397195 49.66397195
 49.86283727 49.66821604 49.66714309 49.66289899 49.8435467  49.8435467
 49.8435467  49.8435467  50.02254708 50.02254708 49.85168514 49.85168514
 49.85168514 49.67268476 49.48809057 49.28982253 49.48809057 49.66714309
 49.66289899 49.8435467  49.8435467  49.8435467  49.65914476 49.46971977
 49.46847001 49.26363525 49.19603746 49.19219839 49.39046644 49.39046644
 49.3915394  49.18689689 49.18689689 49.18689689 49.39173165 49.19603746
 49.19603746 48.98755588 48.98755588 48.96801787 48.97686092 48.76184295
 48.76184295 48.76184295 48.76184295 48.76184295 48.76184295 48.97686092
 49.18689689 48.94805545 48.94805545 48.94805545 48.93424664 48.72576506
 48.72576506 48.9392124  48.9392124  48.73653113 48.73653113 48.74871445
 48.73653113 48.94835297 49.14662102 49.11257164 49.11257164 49.28732792
 49.28732792 49.28713567 49.28713567 49.28713567 49.25655171 49.25655171
 49.23740213 49.07809648 48.90599916 48.9131785  48.9131785  48.74361845
 48.92202155 49.08713178 49.25799372 49.44849167 49.59596448 49.59596448
 49.59596448 49.74217721 49.74217721 49.8668165  49.92515904 49.92515904
 49.92515904 49.9421155  49.74217721 49.74217721 49.74217721 49.74217721
 49.74217721 49.74217721 49.74217721 49.59596448 49.44849167 49.59596448
 49.60395826 49.60395826 49.59596448 49.59596448 49.56756105 49.4293421
 49.56756105 49.4293421  49.57555483 49.70472045 49.57555483 49.4293421
 49.4293421  49.27758016 49.27758016 49.22829096 49.22809871 49.36969446
 49.22809871 49.19064194 49.04964347 49.19064194 49.18096131 49.18096131
 49.0488126  49.04606962 49.04419205 49.04419205 49.04419205 49.04419205
 49.04419205 49.22901404 49.28735657 49.13281558 49.13093801 49.13093801
 49.13093801 48.96256043 48.96256043 49.13093801 48.99615521 48.99615521
 49.15527894 49.15527894 49.15527894 49.15527894 49.15527894 49.15527894
 49.00073795 49.00073795 49.13093801 48.96256043 48.78235556 48.59046636
 48.59046636 48.77672747 48.78235556 48.78235556 48.7457818  48.93204291
 48.93204291 49.11224778 49.28227695 49.44140068 49.44140068 49.28062536
 49.11224778 48.95897062 49.1297241  49.28884783 49.28884783 49.44056981
 49.44056981 49.44056981 49.67596421 49.66922696 49.52186173 49.52186173
 49.66922696 49.81447968 49.81227448 49.82092425 49.68834665 49.68190881
 49.68834665 49.68834665 49.68834665 49.82092425 49.68834665 49.68834665
 49.54475013 49.69337577 49.69337577 49.54475013 49.69337577 49.54475013
 49.54118142 49.64786744 49.64786744 49.64786744 49.93896333 49.93896333
 49.77746371 49.60314152 49.77746371 49.92652404 50.10230663 50.10632059
 49.97795539 49.80347172 49.61820037 49.55066241 49.55066241 49.55066241
 49.74557981 49.74557981 49.93183692 49.93183692 50.0756476  50.0727258
 50.04579809 50.23265495 50.23265495 50.23576614 50.41024981 50.41024981
 50.23576614 50.05049478 49.89118022 49.89118022 49.69469663 49.89118022
 49.89118022 49.69448792 49.69448792 49.48816643 49.69448792 49.69448792
 49.69387334 49.48813227 49.43169357 49.43169357 49.20572677 48.97037081
 48.7258964  48.7258964  48.7258964  48.7258964  48.7258964  48.46760019
 48.20334601 48.20334601 47.92279789 47.92279789 47.80861341 47.80861341
 47.50552323 47.50552323 47.51289952 47.19819096 47.50552323 47.48214761
 47.47775156 47.67370686 47.67370686 48.00017265 48.00017265 47.67870265
 47.96534638 48.00017265 48.2887289  48.09217385 47.9622631  47.9622631
 48.24099895 48.24262182 48.2458945  48.51512516 48.51512516 48.51512516
 48.51512516 48.2458945  48.2458945  48.51206119 48.2458945  48.51206119
 48.51206119 48.51206119 48.24262182 47.9622631  47.88806439 47.88806439
 47.58557395 47.88704125 47.88704125 48.17808104 48.17808104 48.45784002
 48.50964918 48.76796472 48.51024893 48.51024893 48.76875385 49.01629222
 49.01629222 49.01730052 48.82136006 48.57382168 48.82136006 48.82382876
 48.82382876 48.57688565 48.32356591 48.32356591 48.14613019 48.4044264
 48.6469883  48.57688565 48.31858943 48.31858943 48.31858943 48.05433525
 47.78135282 48.06169223 47.79157529 47.49995509 47.49995509 47.49995509
 47.19667552 46.89557758 46.76564005 46.44470238 46.78333196 46.78333196
 47.00075346 47.3097435  46.98327025 46.64464067 46.76564005 46.76564005
 47.09232201 47.09232201 46.76564005 46.76564005 46.76564005 47.09232201
 47.09232201 47.40701125 47.40701125 47.09232201 47.10980522 47.4238992
 47.4238992  47.4238992  47.44425257 47.44425257 47.15648687 46.86253402
 47.04743511 47.04743511 47.37100588 47.68110074 47.97753893 47.68110074
 47.37100588 47.07705304 46.77736993 46.77736993 46.81838146 46.47244573
 46.52881599 46.23144415 46.23144415 45.930077   45.87154758 46.23144415
 46.23144415 46.57737989 46.46722064 46.16585349 46.16585349 46.16585349
 46.28828166 46.57737989 46.28828166 46.28828166 45.930077   46.28828166
 46.28828166 46.63217911 46.96159142 47.07064318 47.37361869 47.37361869
 47.37361869 47.66194932 47.93548904 48.15439656 48.40189991 48.40189991
 48.60703784 48.65804049 48.65804049 48.86932622 49.06597494 49.06597494
 49.06597494 49.23671755 49.22789313 49.2567789  49.08919517 49.1670065
 48.98605035 48.77476462 48.77476462 48.54895356 48.34381563 48.40103145
 48.44073604 48.44073604 48.44073604 48.33783235 48.67646463 48.41051821
 48.17791538 48.02220696 47.72559821 47.72559821 47.72559821 47.96981941
 48.21145838 48.21145838 48.21145838 47.96981941 47.96981941 47.96981941
 47.96981941 48.25480979 48.52470269 48.77936831 48.98716708 48.95968258
 49.19230501 48.98716708 49.21554995 48.98716708 48.88115723 48.91267578
 48.76366503 48.73214647 48.80224912 49.00929529 48.80224912 48.58038453
 48.58038453 48.30795198 48.43222942 48.65804049 48.65804049 48.43222942
 48.1920137  48.1920137  48.43222942 48.43222942 48.60703784 48.37046893
 48.40189991 48.60703784 48.82890243 48.60703784 48.60703784 48.80897029
 48.80897029 48.63416188 48.83238362 49.03721838 49.22104651 49.40169422
 49.40169422 49.40169422 49.40169422 49.40169422 49.40044446 49.57125426
 49.40044446 49.22104651 49.22104651 49.22104651 49.2012337  49.22104651
 49.02642528 49.03721838 49.03721838 49.22789313 49.05028236 48.84939408
 48.83238362 48.6135046  48.83238362 48.79318071 48.58469913 48.36247984
 48.36247984 48.36247984 48.1266552  48.1266552  48.1266552  48.36247984
 48.38647739 48.38647739 48.36247984 48.36247984 48.1266552  48.1266552
 48.19675785 48.40119695 48.40119695 48.17324601 48.17324601 48.17324601
 48.43000242 48.43000242 48.43000242 48.43000242 48.21498446 48.19147262
 48.41208745 48.17118175 48.41208745 48.41208745 48.41208745 48.41208745
 48.58051461 48.43000242 48.43000242 48.43000242 48.43000242 48.43000242
 48.19147262 47.93980908 47.6751728  47.84801414 47.57226912 47.6751728
 47.93980908 47.93980908 47.6751728  47.70309882 47.4273538  47.6751728
 47.4273538  47.31316932 47.31316932 47.01300094 47.01300094 47.01300094
 47.01300094 47.04883622 46.7797529  46.97169424 46.97169424 46.97169424
 47.27975081 47.27975081 47.27975081 47.27975081 47.53721575 47.53721575
 47.24077756 47.53721575 47.5738131  47.5738131  47.31705669 47.59966833
 47.59966833 47.52546962 47.52546962 47.52546962 47.52546962 47.56691417
 47.41092457 47.4621739  47.4621739  47.72777309 47.97892326 47.85285557
 47.89373029 47.89373029 47.73437505 47.67864724 47.49081907 47.3019014
 47.15370531 47.34262297 47.20784018 47.39566835 47.60408128 47.55165795
 47.6630832  47.46621888 47.46621888 47.20362089 47.20362089 47.20362089
 47.20362089 47.40795398 47.4627532  47.18904646 47.13220895 47.14678338
 47.36285576 47.36285576 47.25049672 47.20645699 47.20645699 47.20645699
 46.93782159 46.93782159 46.65748218 46.65748218 46.65748218 46.65748218
 46.65748218 46.4811235  46.22365855 46.22365855 46.27681684 46.27681684
 46.52672941 46.52672941 46.7727437  46.7727437  46.52672941 46.22365855
 46.22365855 46.22365855 46.22365855 46.22365855 46.22365855 46.03791494
 46.35260418 46.03791494 46.03791494 46.03791494 46.03791494 46.03791494
 46.09107322 46.09107322 45.76459997 45.90141932 45.90141932 45.90141932
 45.90141932 46.22789257 46.22789257 46.27681684 46.57929243 46.52672941
 46.22365855 46.52672941 46.27681684 46.27681684 46.27681684 46.52672941
 46.65507978 46.4051672  46.70667188 46.9953896  46.70667188 46.70667188
 46.4051672  46.70667188 46.9953896  47.14678338 47.41141966 47.46621888
 47.26745625 47.46621888 47.46621888 47.46621888 47.46621888 47.20362089
 46.92787587 46.76520129 46.76520129 46.76520129 46.76520129 46.46503291
 46.76520129 46.9953896  46.9953896  46.70667188 46.9953896  46.84756076
 46.54739237 46.23426932 46.54739237 46.49580028 46.79730495 46.54739237
 46.84756076 46.9953896  46.9953896  46.9953896  46.70667188 46.70667188
 46.70667188 46.65507978 46.65507978 46.35260418 46.52672941 46.52672941
 46.28635854 46.53237283 46.53237283 46.77397447 46.69745071 46.69745071
 46.92794361 46.92794361 46.65850424 46.65850424 46.61853571 46.58599598
 46.58599598 46.58599598 46.7636896  46.7636896  46.79254938 46.79254938
 46.62596451 46.86635471 46.86635471 46.58599598 46.2949562  46.10714686
 46.0582226  45.79406117 45.89608326 45.59653355 45.59653355 45.59653355
 45.73872135 45.73872135 45.5602103  45.24220059 44.8810051  44.8810051
 45.05683727 45.05683727 45.25279256 45.61561093 45.61561093 45.61561093
 45.93362064 45.96634976 45.93362064 45.93362064 45.61561093 45.51857686
 45.55752334 45.55752334 45.77494483 45.44532498 45.05751652 45.44532498
 45.81995549 45.87154758 46.23144415 46.52881599 46.82163095 46.52881599
 46.52881599 46.52881599 46.52881599 46.26595349 45.91698956 45.91698956
 45.91698956 46.26595349 46.10169028 46.10169028 46.10169028 46.10169028
 46.10169028 46.38695287 46.71052365 46.97960697 47.27808344 47.32933278
 47.13739144 47.13739144 47.41313646 47.13739144 47.37899308 47.61570333
 47.59168227 47.59168227 47.59168227 47.51898733 47.76629844 48.00711144
 48.00711144 47.75038141 47.75038141 47.97716099 47.96753377 47.78122053
 48.02929426 48.02193729 48.26947566 48.02193729 48.26449918 48.09203994
 47.9319214  47.9319214  47.68436371 47.67996766 47.67996766 47.92444207
 47.92444207 47.92444207 47.67850725 47.58012087 47.423275   47.15902082
 47.15902082 46.88174538 46.59748214 46.88174538 47.15710831 47.423275
 47.67850725 47.92444207 48.16082115 48.16082115 48.16082115 48.16082115
 47.92444207 47.67996766 47.67996766 47.67996766 47.67996766 47.9269256
 48.16390443 48.38740254 48.16082115 47.9269256  47.78371467 47.78371467
 47.54494735 47.44120034 47.68567475 47.68567475 47.68567475 47.68567475
 47.9210307  47.68567475 47.70521277 47.93017127 47.86351904 47.86351904
 48.07933698 47.84398102 47.84398102 47.59950661 47.77636191 48.0239196
 47.78135771 47.52304218 47.52304218 47.52304218 47.78135771 47.53041847
 47.53041847 47.78135771 47.71959722 47.5021564  47.71460142 47.71460142
 47.97291695 47.97291695 48.22066403 48.45455958 48.67951809 48.67951809
 48.67951809 48.6933269  48.45797094 48.6933269  48.6933269  48.6933269
 48.69253776 48.69253776 48.69253776 48.91930854 48.91930854 48.91930854
 48.69253776 48.69253776 48.45555893 48.45555893 48.69253776 48.91930854
 48.91988896 48.91930854 48.6933269  48.6933269  48.6933269  48.6933269
 48.45615868 48.45615868 48.45555893 48.45555893 48.45555893 48.20860099
 48.20860099 48.21022386 47.95499161 47.95190833 47.9508852  47.9508852
 48.20860099 48.20860099 48.45555893 48.47378554 48.72134323 48.72213237
 48.47438528 48.47438528 48.69122635 48.69122635 48.93878404 48.93878404
 48.93878404 48.69122635 48.43291082 48.43291082 48.43291082 48.72709
 48.69823021 48.96766958 48.96766958 48.96766958 48.69901935 48.7006229
 48.7006229  48.7006229  48.9692583  49.22598832 48.97075608 48.97075608
 49.22614981 49.22614981 49.22614981 48.97283008 48.71095639 48.96936439
 48.69638196 48.70201005 48.41498423 48.41498423 48.16281055 48.12550467
 48.40607322 48.7045497  48.98953723 48.98953723 49.26086807 49.26086807
 49.518385   49.26086807 49.518385   49.76645874 49.83460901 50.07816499
 50.07816499 50.30762288 50.53722542 50.31834639 50.32811014 50.08554825
 50.0922855  50.0922855  50.0922855  50.32811014 50.32811014 50.23862317
 50.23862317 50.23862317 50.45044501 50.64871306 50.64871306 50.66372958
 50.46212127 50.46212127 50.66372958 50.66372958 50.97209557 50.97209557
 51.2969385  51.50267956 51.48153269 51.35156979 51.51273355 51.66020635
 51.62737024 51.75625581 51.95242957 51.9111648  52.07623313 52.07623313
 52.11895831 52.23370854 52.23370854 52.23370854 52.11895831 52.11895831
 52.23370854 52.23370854 52.23370854 52.23370854 51.98387741 52.08977787
 52.08977787 51.94115224 52.04170131 52.39903634 52.34093037 52.25187111
 52.25187111 52.30410272 52.35217929 52.19470388 52.19470388 52.08801786
 52.08801786 52.18856693 52.18856693 52.18856693 52.32854954 52.46112223
 52.40640709 52.27485753 52.40640709 52.40640709 52.53076008 52.53076008
 52.53076008 52.64770994 52.51648711 52.51648711 52.51648711 52.46263463
 52.39538422 52.27043148 52.34568478 52.34568478 52.40731974 52.10383719
 52.14425693 52.14425693 52.07753906 51.9543768  51.9543768  51.9543768
 51.9543768  51.9543768  51.9543768  51.9543768  51.9543768  51.9543768
 51.92741586 51.92741586 51.86172112 51.86172112 51.76319541 51.57163616
 51.57163616 51.5297864  51.47402581 51.5297864  51.47402581 51.47402581
 51.58597986 51.69206396 51.7324837  51.63395798 51.69206396 51.63821147
 51.63821147 51.63821147 51.63821147 51.63821147 51.69206396 51.63821147
 51.5243449  51.5243449  51.44909161 51.44909161 51.5243449  51.40438796
 51.40438796 51.5243449  51.58597986 51.5176922  51.55811194 51.40317859
 51.43013953 51.13313176 51.15299417 51.15299417 51.2392281  51.2392281
 51.1662869  51.15942437 51.15942437 51.07538761 51.04747383 50.95191708
 50.90228484 50.95191708 50.90228484 50.79483463 50.75985822 50.67723679
 50.67723679 50.71504916 50.71504916 50.71504916 50.60759895 50.60759895
 50.49636539 50.40445935 50.29855889 50.17872666 50.29855889 50.29855889
 50.29855889 50.40445935 50.42686852 50.42686852 50.44863205 50.42686852
 50.42686852 50.29855889 50.31588606 50.42686852 50.31588606 50.31588606
 50.29855889 50.16640347 50.16640347 50.16640347 50.0375179  50.0375179
 49.89457142 49.89457142 50.0375179  50.0375179  49.89265216 49.94109268
 49.94058372 49.8024443  49.8024443  49.8024443  49.94058372 49.94058372
 49.8024443  49.94109268 49.94109268 50.07670457 50.17872666 50.17872666
 50.29855889 50.40445935 50.42686852 50.42686852 50.31588606 50.31588606
 50.19124677 50.04503403 50.0375179  50.16640347 50.03079158 49.99719679
 50.14206253 50.00392311 50.00392311 49.99719679 49.84909702 49.69821935
 49.53114459 49.53114459 49.53114459 49.34923572 49.36795434 49.20282417
 49.20282417 49.23404547 49.15699579 48.94870415 48.91267578 48.83376767
 49.03628752 49.03628752 48.77656733 48.9416975  48.9416975  49.00929529
 48.80224912 48.80224912 48.58038453 48.73214647 48.73214647 48.9497715
 48.73214647 48.53528216 48.53528216 48.53528216 48.29172528 48.29172528
 48.29172528 48.29172528 48.25202069 48.25202069 48.49952405 48.42682911
 48.42682911 48.64290149 48.87552391 48.64290149 48.87552391 49.09314894
 48.89876885 48.70190454 48.46258722 48.46258722 48.50314191 48.50314191
 48.50314191 48.46258722 48.20792159 48.46258722 48.20792159 48.20792159
 48.20792159 48.46258722 48.46258722 48.29172528 48.03311318 48.03311318
 48.03311318 47.81196101 47.81196101 47.70542587 47.40881711 47.29976535
 47.29976535 47.28779096 47.28779096 47.60813134 47.60813134 47.5557438
 47.5557438  47.66479556 47.48300006 47.73625741 48.02458804 48.02458804
 48.02458804 48.02458804 48.02458804 48.02458804 47.9180529  47.82078516
 47.82078516 47.86413656 47.86413656 48.1570985  48.1570985  48.1570985
 48.1570985  48.1570985  48.1570985  48.1570985  47.86413656 48.08278013
 48.08278013 47.77803418 47.51008134 47.51008134 47.51008134 47.51008134
 47.51008134 47.51008134 47.23986422 46.89514566 46.89514566 46.89514566
 46.89514566 46.89514566 46.89514566 46.78568487 46.78568487 46.78568487
 46.78568487 46.41261664 46.0237851  45.76702869 45.76702869 45.61935918
 45.1995175  45.54567885 45.8886453  46.28255791 46.28255791 46.22775868
 46.22775868 46.28255791 46.40460138 46.40460138 46.46606084 46.08726096
 46.0234256  46.0234256  45.69334836 45.69334836 45.69334836 45.85352276
 46.23469854 46.53945628 46.53945628 46.17086318 46.48465705 46.79429782
 46.48465705 46.48465705 46.79429782 46.79429782 47.13819526 47.13819526
 47.13819526 47.43101022 47.43101022 47.431037   47.3989319  47.3989319
 47.70698847 47.3989319  47.70698847 47.70698847 47.73671767 47.74847491
 47.74847491 48.02442638 48.35621204 48.0740432  47.75657852 48.0740432
 48.0740432  48.37701871 48.37701871 48.0740432  48.0740432  48.0740432
 48.0740432  48.0740432  48.0740432  48.0740432  48.37701871 48.37701871
 48.37701871 48.37701871 48.10106724 48.19833499 47.89535948 47.89535948
 48.19833499 47.92925167 47.92925167 48.22920068 47.92925167 47.61449214
 47.61449214 47.89535948 47.89535948 48.19833499 48.19833499 48.48666562
 48.48666562 48.51419106 48.51419106 48.22920068 48.22920068 48.51419106
 48.60927554 48.4499203  48.4499203  48.33573582 48.33573582 48.33573582
 48.04740518 48.33573582 48.33573582 48.33573582 48.60927554 48.84400903
 48.84400903 49.09151238 49.09151238 49.09151238 48.74893363 48.61710382
 48.82979412 48.96849207 48.90673158 48.67623869 48.67623869 48.67623869
 48.90673158 48.65558141 48.65558141 48.90673158 49.14330049 49.14330049
 49.36516508 49.14330049 48.92374204 48.67623869 48.67623869 48.67623869
 48.92374204 48.98550253 48.98550253 49.05560518 49.26689091 49.05560518
 49.05560518 49.05560518 49.26689091 49.26689091 49.26689091 49.05560518
 49.05560518 49.05560518 49.05560518 49.05560518 49.26689091 49.46353963
 49.26689091 49.26689091 49.05560518 49.25382693 49.25382693 49.03859472
 49.03859472 49.03859472 49.24303383 49.39874224 49.39874224 49.44786859
 49.63854333 49.63854333 49.45471521 49.25382693 49.03859472 49.03859472
 49.03859472 49.03859472 48.96849207 48.74893363 48.49778345 48.74893363
 48.77281224 48.52530889 48.52530889 48.26304997 48.26304997 48.41397977
 48.13709979 47.85625923 47.5649021  47.85625923 47.71288179 47.48015383
 47.71034214 47.71034214 47.48015383 47.18879669 46.88311602 47.18879669
 47.48015383 47.53588164 47.59811415 47.8705467  47.65849492 47.65849492
 47.36553298 47.65849492 47.36553298 47.65849492 47.36553298 47.65849492
 47.36553298 47.36553298 47.44645147 47.44645147 47.58370498 47.29074305
 47.58370498 47.29074305 47.29074305 47.5027865  47.78413005 47.78413005
 47.78413005 47.78413005 47.98473118 47.71483828 47.65260577 47.65260577
 47.87375794 48.13601686 48.34381563 48.34381563 48.34381563 48.34381563
 48.09266545 48.09266545 48.09266545 47.82706627 47.82706627 48.09266545
 48.09266545 48.13601686 48.34381563 48.09266545 47.82706627 47.5471598
 47.5471598  47.50301008 47.50301008 47.50301008 47.74902437 47.74902437
 47.88772232 47.79263784 48.05173764 48.32306848 48.32306848 48.5653756
 48.80175225 48.55246461 48.55246461 48.80175225 48.55246461 48.30515351
 48.03144677 48.0141216  47.72540387 47.72540387 48.03436714 47.94871777
 47.9632985  47.98062368 48.27706186 48.5596735  48.54676251 48.54676251
 48.5596735  48.62259142 48.86990252 48.60968043 48.59882989 48.85446925
 48.58983297 48.66252791 48.7433884  48.98633239 49.21306942 49.21306942
 48.9807043  48.91060165 48.91060165 49.0997804  49.0977064  49.0977064
 49.14870905 49.20823284 49.20823284 49.20823284 49.20823284 49.20823284
 49.43173094 49.43173094 49.64517699 49.8469041  49.69158866 49.69158866
 49.88646869 49.88646869 49.88646869 49.69158866 49.69158866 49.88347786
 49.88347786 50.06368273 50.06368273 50.06368273 50.06368273 50.21458399
 50.03675502 49.84333539 49.84333539 50.03081041 50.03081041 50.02407316
 50.02407316 50.03081041 50.05773812 50.23206031 50.38847887 50.38847887
 50.38847887 50.53281761 50.53281761 50.66496631 50.78482517 50.64630297
 50.64630297 50.86037984 50.86037984 50.87904318 50.87987405 51.2909011
 51.12437236 51.12437236 51.13259483 51.13259483 51.29007023 51.30757029
 51.16323156 51.03115393 51.03115393 51.03115393 51.17851916 51.17851916
 50.91611775 50.77760228 50.77760228 50.62753189 50.62753189 50.62753189
 50.62753189 50.45998002 50.45998002 50.45998002 50.42638523 50.23946532
 50.23946532 50.39858904 50.55708758 50.39858904 50.23946532 50.24551756
 50.40701719 50.55708758 50.54595427 50.54595427 50.38847887 50.38847887
 50.38847887 50.38847887 50.37680261 50.36858014 50.51863195 50.51863195
 50.65598361 50.80314884 50.67464695 50.66496631 50.78482517 50.66496631
 50.78482517 50.66496631 50.64630297 50.64630297 50.76221535 50.8923045
 50.87344656 50.84659718 50.84659718 50.92908805 50.8948178  50.8948178
 50.78524423 50.78524423 50.75113798 50.67053329 50.78524423 50.78524423
 50.67053329 50.75113798 50.78524423 50.78524423 50.78524423 50.77322914
 50.83804846 50.73912289 50.73912289 50.73912289 50.70303406 50.79859081
 50.73912289 50.66652108 50.59050629 50.50001254 50.38045073 50.38045073
 50.26877791 50.35412609 50.2213801  50.2213801  50.0842207  50.0842207
 50.0842207  50.04503403 50.01143924 49.85451505 49.85451505 50.01143924
 50.04503403 50.04503403 50.0842207  49.94301194 49.7981462  49.94301194
 49.89457142 49.85152525 49.85451505 49.85826927 49.68370524 49.68370524
 49.684955   49.684955   49.50430729 49.30968606 49.24303383 49.0241548
 49.03859472 49.03859472 49.25382693 49.25382693 49.44786859 49.44267235
 49.49911106 49.49911106 49.30968606 49.10120448 49.10120448 48.8789852
 49.10120448 49.18397519 49.38224324 49.38224324 49.56164119 49.56164119
 49.56164119 49.38224324 49.30968606 49.1156444  49.1156444  49.1156444
 49.10120448 49.10120448 49.30968606 49.10120448 49.10120448 49.10120448
 49.10120448 49.30084301 49.30084301 49.10120448 49.10120448 48.89676538
 49.1156444  49.30968606 49.24303383 49.44786859 49.44786859 49.45471521
 49.63854333 49.78606572 49.78606572 49.63854333 49.63729358 49.63729358
 49.78525111 49.97592586 50.02233752 50.02233752 50.02233752 49.84168981
 49.90421995 50.07502975 49.90421995 49.90421995 50.07878398 50.294931
 50.11033681 50.11033681 49.91590783 49.91590783 49.91590783 49.71626931
 49.60540417 49.50488287 49.27963709 49.27963709 49.50488287 49.71670471
 49.73114463 49.52266305 49.30044377 49.50488287 49.27963709 49.27963709
 49.04110729 48.81533148 48.81533148 48.92158443 48.89807259 49.14736024
 49.04110729 49.04110729 48.94509417 48.94509417 48.94509417 48.71931836
 48.81533148 48.40933355 48.66099709 48.40933355 48.14469727 48.14469727
 48.40933355 48.56498397 48.31128214 48.31128214 48.31128214 48.08078925
 48.08078925 47.80335232 47.84605576 47.84605576 47.84605576 47.94410716
 47.65708134 47.94410716 47.94410716 47.90309563 47.6143779  47.35691296
 47.35691296 47.6143779  47.72673694 48.01376276 48.01376276 48.2874695
 48.54769159 48.2874695  48.2874695  48.2874695  48.44143864 48.47803599
 48.72461847 48.72461847 48.86951105 48.86951105 48.90792911 48.67513097
 48.51948054 48.72461847 48.79427407 49.02707222 49.02707222 48.95741662
 49.17629564 49.3811304  49.4086149  49.24348473 49.24348473 49.44013345
 49.24348473 49.24348473 49.36740101 49.5538362  49.72571802 49.88295488
 49.88295488 50.00836052 49.86076972 49.86076972 49.88295488 49.75693933
 49.65326362 49.47616182 49.65326362 49.81525638 49.96205985 50.09360182
 50.07842935 50.00685333 49.99510156 49.84294671 49.69805711 49.5209553
 49.67587194 49.67587194 49.84294671 49.99510156 49.84294671 49.67587194
 49.67587194 49.65715333 49.47071814 49.32276061 49.13208586 49.30282848
 49.4704122  49.18270349 49.35351329 49.51043749 49.51043749 49.64908587
 49.50161307 49.35351329 49.51043749 49.35351329 49.28385769 49.28385769
 49.14053239 48.95988468 48.9284537  48.74955537 48.78098634 48.87204632
 48.87204632 48.68745213 48.58636511 48.78098634 48.78098634 48.96163405
 49.06066634 49.06066634 49.20399164 49.20399164 49.22271026 49.22271026
 49.22271026 49.20399164 49.20399164 49.20399164 49.35638951 49.35638951
 49.31334333 49.27676957 49.27676957 49.43400643 49.42764724 49.26560332
 49.08919517 49.08919517 49.26560332 49.27676957 49.42764724 49.57574702
 49.71388643 49.83768999 49.94708883 49.94708883 49.93053102 49.82674763
 49.96544559 49.96544559 50.12946091 50.12946091 50.12946091 50.12946091
 50.01100874 50.25548847 50.12778245 50.12778245 50.12778245 49.98527364
 49.82798465 49.82803678 49.98527364 49.98527364 49.98527364 50.12778245
 50.25548847 50.25548847 50.12778245 50.12778245 50.12778245 49.98527364
 49.98527364 49.82803678 49.99759683 49.98527364 50.12778245 50.25548847
 50.36832519 50.36832519 50.25548847 50.27824505 50.39669722 50.27824505
 50.14518764 50.27824505 50.15221749 50.11476073 50.26161633 50.11476073
 50.11476073 50.2153098  50.35654995 50.35654995 50.26161633 50.35654995
 50.35654995 50.35654995 50.32230355 50.2332443  50.35654995 50.51280151
 50.51280151 50.42374225 50.31995886 50.31995886 50.42374225 50.42374225
 50.51280151 50.43696618 50.63246811 50.63246811 50.63246811 50.63246811
 50.63246811 50.58708937 50.64656659 50.69120184 50.55407852 50.59071088
 50.61269823 50.69236836 50.67793938 50.64908949 50.70528219 50.70528219
 50.52622967 50.52622967 50.43121869 50.43121869 50.52622967 50.56170183
 50.47447333 50.56170183 50.61789452 50.61789452 50.61789452 50.6458083
 50.56170183 50.56170183 50.39752653 50.56170183 50.56170183 50.40618566
 50.32396115 50.59119746 50.54794283 50.49030771 50.54794283 50.44993295
 50.41495654 50.41495654 50.33846347 50.38809571 50.23772722 50.23772722
 50.23772722 50.31995173 50.23772722 50.41495654 50.45533129 50.49030771
 50.49030771 50.49030771 50.49030771 50.52955809 50.49458167 50.40608588
 50.16160615 50.18845168 50.08100147 50.18845168 50.21410711 50.21410711
 50.32081517 50.21410711 50.21410711 50.21410711 50.2383243  50.2383243
 50.34789786 50.32810029 50.32810029 50.32810029 50.22630921 50.22630921
 50.22630921 50.32810029 50.24275211 50.00266092 49.98434411 49.96465324
 49.98434411 49.9073721  49.83808033 49.83808033 49.83808033 49.9179427
 49.8265755  49.8265755  49.73101875 49.73101875 49.73101875 49.73101875
 49.73101875 49.73915475 49.73915475 49.73915475 49.8265755  49.8265755
 49.9073721  49.98328799 49.9073721  49.98328799 49.89192079 49.89192079
 49.89192079 49.89192079 49.89192079 49.80844652 49.9073721  50.00160481
 50.09088757 50.09088757 50.09088757 50.02159579 50.02159579 49.95936328
 49.90363547 49.89387173 49.89387173 49.89387173 49.81435271 49.81435271
 49.90363547 49.82108996 49.98526526 50.05266934 50.05266934 50.02383428
 49.76707787 49.65678001 49.42100352 49.42100352 49.42100352 49.42100352
 49.42100352 49.29913406 49.16888342 49.16888342 49.17095742 49.03227374
 49.02886345 49.16738565 49.29897258 49.29897258 49.16738565 49.02639475
 49.02479119 48.96558107 48.80810567 48.63976466 48.4623592  48.27610209
 48.27610209 48.18814697 48.18814697 47.99663986 47.87023745 47.67127292
 47.46514687 47.24018836 47.37573135 47.37573135 47.15223325 47.15223325
 47.23302985 47.26305619 47.47634076 47.6810587  47.47634076 47.2702147
 47.2702147  47.18225959 46.960674   46.73730579 46.73730579 46.50725063
 46.73730579 46.73107146 46.91738471 47.07403122 47.29323631 47.36619234
 47.36619234 47.14698725 47.14698725 47.14698725 46.91738471 46.91738471
 46.76086541 46.76086541 46.60521499 46.51279168 46.71999069 46.46098251
 46.46098251 46.38018591 46.38018591 46.38018591 46.1134378  46.38018591
 46.63919409 46.63919409 46.63919409 46.38355474 46.46098251 46.28328889
 46.23203956 46.23827389 46.52491762 46.25078062 46.26963622 46.26963622
 46.26963622 46.53933687 46.53933687 46.81807272 46.83941185 47.08672295
 46.83941185 46.83941185 47.08672295 47.08672295 47.08672295 47.32753596
 47.32753596 47.32753596 47.44281679 47.70879048 47.70879048 47.45028556
 47.19853811 47.32769244 47.4714838  47.4540006  47.17345248 46.88181295
 47.15984186 47.15984186 47.15984186 47.29638991 47.01663092 47.29638991
 47.29985559 47.31346621 47.57197113 47.8195095  47.57913863 47.80250684
 47.57913863 47.57913863 47.57913863 47.33139155 47.33139155 47.33139155
 47.31778092 47.31778092 47.56533862 47.56533862 47.33139155 47.09057854
 46.84326744 47.11270681 47.13963035 47.28282645 47.01419105 46.89376147
 46.77957699 46.47650612 46.47650612 46.19433729 46.47650612 46.56215549
 46.29160504 46.29160504 46.29160504 46.3303428  46.29160504 46.5946759
 46.77957699 46.77957699 47.0193526  47.0193526  47.30940662 47.28404926
 47.56282249 47.82915067 47.82915067 48.06552732 47.81013359 47.81013359
 47.82915067 47.85147982 47.85147982 47.85147982 48.0828525  48.0828525
 48.0828525  48.0828525  48.0828525  48.32375819 48.53879815 48.53879815
 48.32375819 48.51128535 48.27275554 48.51128535 48.52951196 48.7653366
 48.7653366  48.7653366  48.73521972 48.96083853 48.96083853 48.75513077
 48.75513077 48.80175225 48.5653756  48.39576342 48.39576342 48.39576342
 48.6423459  48.58058541 48.58058541 48.58058541 48.58058541 48.8241414
 48.58058541 48.32306848 48.05173764 47.97753893 47.95724806 47.68110074
 47.68110074 47.97753893 48.24223559 48.51356643 48.76087754 48.80175225
 49.0375769  49.0375769  49.0375769  49.24025817 49.00746002 49.24025817
 49.24025817 49.23309067 49.46254855 49.46254855 49.46254855 49.23692974
 49.01463935 49.24409724 49.24409724 49.45932944 49.45932944 49.66021772
 49.66021772 49.66021772 49.66021772 49.66021772 49.66021772 49.84665291
 49.83913678 49.65530866 49.83241046 49.83913678 49.65722792 49.65530866
 49.65530866 49.66911747 49.47089572 49.25779702 49.47089572 49.26896327
 49.26896327 49.28287482 49.26896327 49.26896327 49.26896327 49.47725491
 49.47725491 49.26896327 49.04510673 49.06382534 49.28287482 49.28287482
 49.0860105  49.10393584 49.30714548 49.49783623 49.67950017 49.67336385
 49.94665204 49.94665204 49.75596129 49.56333052 49.56333052 49.36895043
 49.57216006 49.29004232 49.29004232 49.29004232 49.4826731  49.4826731
 49.30714548 49.30714548 49.10393584 49.10393584 49.10393584 49.30714548
 49.30714548 49.10393584 48.88488636 48.65009537 48.88488636 48.92576108
 48.92576108 48.92576108 49.11186756 49.11186756 48.92576108 48.99391135
 48.99391135 48.99391135 49.19077566 48.96691912 48.75912035 48.50869429
 48.54924898 48.54924898 48.28754212 48.28754212 48.01014504 47.7757688
 47.47102285 47.47102285 47.47102285 47.47102285 47.47102285 47.47102285
 47.47102285 47.47102285 47.15068246 47.40879034 47.47102285 47.47102285
 47.3655062  47.60096038 47.89392232 47.58920314 47.36553298 47.58920314
 47.58920314 47.58920314 47.58920314 47.58920314 47.58920314 47.58920314
 47.71483828 47.98473118 48.23939681 48.05007647 48.23939681 48.38691919
 48.13649312 48.13649312 48.13649312 48.04140864 48.25271584 48.46258722
 48.20792159 48.42682911 48.42682911 48.67038598 48.89876885 48.67038598
 48.89876885 48.89876885 48.85214737 48.85214737 48.87913959 49.05466721
 49.05466721 48.85214737 48.87913959 48.85214737 48.87913959 49.05731436
 49.05731436 49.23284197 49.40624576 49.40624576 49.40624576 49.21893042
 49.22807099 49.22807099 49.0359486  49.0359486  49.22807099 49.4051728
 49.57826556 49.40624576 49.40624576 49.21893042 49.03512919 49.03512919
 49.23284197 49.03512919 49.03512919 49.23284197 49.03512919 49.01641058
 48.79878555 49.01641058 49.01641058 49.01641058 49.0359486  49.02025602
 49.02025602 49.20808032 49.20808032 49.20808032 49.00719204 49.20808032
 49.20808032 49.00719204 48.80897029 48.56493262 48.33547474 48.09191875
 48.09191875 48.33547474 48.56493262 48.38647739 48.15367924 48.38647739
 48.58469913 48.76315437 48.74871445 48.52649516 48.29067052 48.06489471
 48.09191875 48.06489471 48.01308554 48.27060247 48.50384705 48.74740303
 48.50384705 48.52877624 48.78326668 48.78326668 48.52877624 48.26015056
 48.51356643 48.51356643 48.76087754 48.76087754 48.76087754 48.50065544
 48.50065544 48.50065544 48.55246461 48.55246461 48.28986662 48.50065544
 48.50065544 48.50065544 48.50065544 48.76087754 48.76087754 48.76087754
 48.76087754 48.76087754 48.51356643 48.77108336 48.77108336 49.01463935
 48.77108336 49.00746002 49.00746002 49.00746002 49.24025817 49.24025817
 49.45913719 49.45913719 49.45913719 49.24409724 49.24409724 49.24409724
 49.24409724 49.01463935 49.24025817 49.01463935 48.73521972 48.96083853
 49.1837262  49.18646918 48.95367104 49.23309067 49.46314583 49.23309067
 49.23309067 49.23309067 49.46254855 49.46254855 49.68202486 49.68202486
 49.71083032 49.46314583 49.23034768 49.23034768 49.23309067 49.23309067
 49.46254855 49.67778076 49.87866904 49.87866904 49.67402653 49.46399056
 49.46399056 49.20235111 49.40939728 49.20235111 48.98048652 48.98048652
 48.98048652 49.19550449 49.24212597 49.24929347 49.24409724 49.0234824
 49.24929347 49.24929347 49.24929347 49.03427551 49.0234824  49.0234824
 48.78326668 48.54655643 48.30495478 48.28095724 48.28095724 48.28095724
 48.50658789 48.75440689 48.99671401 49.23692974 48.99671401 48.99671401
 48.99671401 49.23692974 49.24409724 49.45913719 49.3915394  49.18305782
 48.96083853 48.96083853 48.96083853 48.70678728 48.7263253  48.73653113
 48.73653113 48.73653113 48.73653113 48.52308379 48.71358175 48.50354578
 48.71358175 48.52308379 48.55311014 48.59202295 48.59202295 48.57681314
 48.57681314 48.6232248  48.79778883 48.76121507 48.74027717 48.74027717
 48.74027717 48.55280215 48.35311333 48.35418629 48.35418629 48.13221861
 47.91717865 47.67254276 47.44117009 47.44117009 47.44117009 47.44117009
 47.28282645 47.31378067 47.5691744  47.5691744  47.60331778 47.34961596
 47.34961596 47.60331778 47.34961596 47.5691744  47.5691744  47.5691744
 47.46412081 47.70706479 47.70706479 47.70706479 47.81507868 48.03500807
 48.13609508 48.23977079 48.44140389 48.54686841 48.65339294 48.58955758
 48.58955758 48.73442332 48.58955758 48.35378109 48.52657285 48.52657285
 48.63327326 48.73919393 48.84381721 48.84381721 48.94666561 48.80967383
 48.94666561 48.95288296 49.04729831 49.14530819 49.12798302 49.22743035
 49.21674152 49.21674152 49.29336917 49.36803531 49.36803531 49.45207207
 49.4317187  49.50139619 49.51152243 49.57433739 49.50139619 49.51731321
 49.45207207 49.35937902 49.35937902 49.2583846  49.17616009 49.17616009
 49.28471288 49.28471288 49.28471288 49.17616009 49.09174996 48.96681654
 48.96681654 49.0740343  49.0740343  49.0740343  49.06646862 49.06147282
 49.02953284 49.02953284 48.79076552 48.79076552 48.8969951  49.01886455
 49.13419153 49.13419153 49.13419153 49.24275916 49.24275916 49.24275916
 49.13667507 49.04666808 49.16053465 49.40092484 49.40092484 49.40092484
 49.16361793 49.16361793 49.14167087 49.22889937 49.14167087 49.12710828
 49.21877313 49.10294131 49.10294131 49.01883484 49.12063323 49.19740926
 49.19740926 49.21489247 49.23621677 49.22451968 49.30145791 49.3101142
 49.32080302 49.32080302 49.53363013 49.54891702 49.54195839 49.54195839
 49.61562388 49.68029121 49.68029121 49.61562388 49.77569659 49.76736833
 49.60729563 49.40735734 49.23274118 49.22189064 49.15907568 49.15907568
 49.15907568 49.14618686 49.13549803 49.11514466 49.18522036 49.20557373
 49.27634715 49.27634715 49.2986763  49.18853888 49.2986763  49.2986763
 49.33905106 49.39286403 49.42624004 49.29848444 49.18290334 49.2171736
 49.23413006 49.23413006 49.2504521  49.2504521  49.26949321 49.28221195
 49.14742915 49.14218316 49.14218316 49.14742915 49.03207483 49.04709135
 49.06022802 49.06022802 49.06022802 48.94657006 48.94469249 48.94469249
 48.9520975  48.96510837 48.9520975  48.85608438 48.85608438 48.86066711
 48.86066711 48.86468108 48.86066711 48.86066711 48.86066711 48.86468108
 48.86468108 48.86066711 48.86066711 48.95668023 48.97358302 48.97358302
 48.97358302 48.97358302 48.8775699  48.89950877 48.90431187 48.90431187
 48.92664102 48.91952168 48.89238943 48.89238943 48.88055168 48.79109879
 48.77361357 48.79994184 48.71960953 48.64972192 48.60637051 48.60637051
 48.60640788 48.60640788 48.58105053 48.566034   48.56219493 48.5825483
 48.59422456 48.58401874 48.5755441  48.5755441  48.56858547 48.57157629
 48.58057321 48.54489814 48.54489814 48.54659005 48.5489121  48.5489121
 48.5504976  48.5504976  48.55130158 48.55130158 48.55360879 48.55360879
 48.55360879 48.57552835 48.62809137 48.62809137 48.62712044 48.60676707
 48.60445986 48.58697665 48.6038646  48.58617268 48.53591687 48.52389176
 48.52469573 48.52469573 48.53769177 48.49268111 48.47968507 48.47968507
 48.52469573 48.52389176 48.52292083 48.47731491 48.43855783 48.43544664
 48.43544664 48.47439312 48.47439312 48.47439312 48.46707312 48.46707312
 48.47439312 48.46707312 48.46707312 48.42891578 48.40661785 48.40661785
 48.40661785 48.39328561 48.39427137 48.39427137 48.41018839 48.40707721
 48.38806013 48.38983502 48.41018839 48.40707721 48.4024635  48.38112437
 48.40306325 48.40306325 48.43019549 48.43019549 48.42940636 48.42940636
 48.42440238 48.42440238 48.44469325 48.4362651  48.46820509 48.46820509
 48.47742236 48.48407435]