[0.44749926 0.44749926 0.44749926 0.44749926 0.44749926 0.44749926
 0.44749926 0.42524461 0.44749926 0.44749926 0.44749926 0.44749926
 0.44749926 0.46899559 0.48977901 0.50988914 0.50988914 0.50988914
 0.50988914 0.50988914 0.48977901 0.48977901 0.48977901 0.46899559
 0.46899559 0.46899559 0.48977901 0.50988914 0.50988914 0.50988914
 0.50988914 0.52936087 0.52936087 0.52936087 0.52936087 0.52936087
 0.52936087 0.54822512 0.54822512 0.54822512 0.54822512 0.54822512
 0.54822512 0.54822512 0.54822512 0.54822512 0.54822512 0.54822512
 0.54822512 0.54822512 0.52936087 0.52936087 0.52936087 0.52936087
 0.54822512 0.54822512 0.54822512 0.54822512 0.54822512 0.54822512
 0.54822512 0.54822512 0.56650951 0.56650951 0.56650951 0.56650951
 0.54822512 0.54822512 0.52936087 0.52936087 0.52936087 0.52936087
 0.52936087 0.52936087 0.54822512 0.52936087 0.54822512 0.54822512
 0.54822512 0.54822512 0.54822512 0.54822512 0.54822512 0.54822512
 0.54822512 0.54822512 0.54822512 0.54822512 0.56650951 0.56650951
 0.56650951 0.56650951 0.56650951 0.56650951 0.56650951 0.56650951
 0.56650951 0.56650951 0.56650951 0.56650951 0.56650951 0.58423881
 0.58423881 0.58423881 0.58423881 0.58423881 0.58423881 0.58423881
 0.58423881 0.58423881 0.58423881 0.58423881 0.58423881 0.56650951
 0.56650951 0.56650951 0.56650951 0.54822512 0.54822512 0.54822512
 0.54822512 0.54822512 0.54822512 0.56650951 0.56650951 0.54822512
 0.56650951 0.56650951 0.58423881 0.58423881 0.58423881 0.58423881
 0.58423881 0.58423881 0.58423881 0.58423881 0.58423881 0.58423881
 0.58423881 0.56650951 0.56650951 0.56650951 0.56650951 0.56650951
 0.56650951 0.56650951 0.56650951 0.56650951 0.54822512 0.52936087
 0.52936087 0.52936087 0.52936087 0.52936087 0.54822512 0.54822512
 0.54822512 0.54822512 0.52936087 0.52936087 0.52936087 0.52936087
 0.52936087 0.50988914 0.48977901 0.46899559 0.46899559 0.46899559
 0.46899559 0.46899559 0.46899559 0.46899559 0.46899559 0.46899559
 0.46899559 0.46899559 0.44749926 0.42524461 0.42524461 0.42524461
 0.42524461 0.40217919 0.40217919 0.40217919 0.40217919 0.40217919
 0.40217919 0.40217919 0.40217919 0.40217919 0.40217919 0.40217919
 0.40217919 0.40217919 0.40217919 0.40217919 0.40217919 0.40217919
 0.40217919 0.40217919 0.40217919 0.40217919 0.40217919 0.40217919
 0.37824164 0.37824164 0.37824164 0.37824164 0.37824164 0.37824164
 0.37824164 0.37824164 0.35335934 0.35335934 0.35335934 0.35335934
 0.35335934 0.35335934 0.35335934 0.35335934 0.35335934 0.37824164
 0.37824164 0.37824164 0.35335934 0.35335934 0.32744492 0.32744492
 0.32744492 0.32744492 0.32744492 0.32744492 0.32744492 0.32744492
 0.32744492 0.32744492 0.35335934 0.35335934 0.35335934 0.35335934
 0.35335934 0.35335934 0.37824164 0.37824164 0.40217919 0.40217919
 0.40217919 0.40217919 0.40217919 0.40217919 0.40217919 0.37824164
 0.37824164 0.37824164 0.37824164 0.40217919 0.40217919 0.40217919
 0.40217919 0.40217919 0.40217919 0.40217919 0.40217919 0.40217919
 0.40217919 0.40217919 0.40217919 0.40217919 0.40217919 0.40217919
 0.40217919 0.40217919 0.40217919 0.37824164 0.37824164 0.37824164
 0.35335934 0.35335934 0.32744492 0.32744492 0.35335934 0.35335934
 0.35335934 0.35335934 0.35335934 0.35335934 0.35335934 0.35335934
 0.35335934 0.35335934 0.35335934 0.35335934 0.35335934 0.35335934
 0.35335934 0.35335934 0.35335934 0.35335934 0.35335934 0.35335934
 0.35335934 0.35335934 0.37824164 0.37824164 0.35335934 0.35335934
 0.35335934 0.35335934 0.35335934 0.37824164 0.40217919 0.40217919
 0.40217919 0.40217919 0.40217919 0.40217919 0.40217919 0.40217919
 0.40217919 0.40217919 0.42524461 0.44749926 0.44749926 0.44749926
 0.44749926 0.46899559 0.46899559 0.46899559 0.46899559 0.46899559
 0.46899559 0.46899559 0.46899559 0.48977901 0.48977901 0.50988914
 0.50988914 0.50988914 0.50988914 0.50988914 0.50988914 0.52936087
 0.52936087 0.52936087 0.52936087 0.52936087 0.52936087 0.52936087
 0.52936087 0.52936087 0.52936087 0.52936087 0.52936087 0.52936087
 0.52936087 0.54822512 0.54822512 0.54822512 0.54822512 0.56650951
 0.56650951 0.56650951 0.56650951 0.56650951 0.56650951 0.56650951
 0.58423881 0.58423881 0.58423881 0.58423881 0.60143539 0.58423881
 0.58423881 0.58423881 0.58423881 0.58423881 0.58423881 0.58423881
 0.58423881 0.58423881 0.58423881 0.58423881 0.60143539 0.60143539
 0.60143539 0.60143539 0.58423881 0.58423881 0.56650951 0.56650951
 0.56650951 0.56650951 0.54822512 0.54822512 0.52936087 0.54822512
 0.54822512 0.56650951 0.56650951 0.56650951 0.56650951 0.56650951
 0.56650951 0.56650951 0.56650951 0.56650951 0.56650951 0.58423881
 0.58423881 0.58423881 0.58423881 0.58423881 0.58423881 0.60143539
 0.60143539 0.60143539 0.60143539 0.60143539 0.60143539 0.60143539
 0.60143539 0.60143539 0.60143539 0.60143539 0.60143539 0.60143539
 0.60143539 0.60143539 0.60143539 0.60143539 0.58423881 0.58423881
 0.58423881 0.58423881 0.58423881 0.58423881 0.56650951 0.56650951
 0.56650951 0.58423881 0.58423881 0.58423881 0.58423881 0.58423881
 0.58423881 0.60143539 0.60143539 0.60143539 0.60143539 0.60143539
 0.60143539 0.60143539 0.58423881 0.58423881 0.58423881 0.58423881
 0.58423881 0.58423881 0.58423881 0.58423881 0.56650951 0.56650951
 0.56650951 0.56650951 0.58423881 0.58423881 0.58423881 0.60143539
 0.60143539 0.60143539 0.58423881 0.56650951 0.56650951 0.56650951
 0.56650951 0.54822512 0.54822512 0.54822512 0.54822512 0.56650951
 0.56650951 0.56650951 0.56650951 0.54822512 0.54822512 0.52936087
 0.52936087 0.50988914 0.50988914 0.50988914 0.50988914 0.48977901
 0.48977901 0.48977901 0.48977901 0.50988914 0.50988914 0.50988914
 0.50988914 0.50988914 0.50988914 0.50988914 0.50988914 0.50988914
 0.50988914 0.48977901 0.48977901 0.48977901 0.48977901 0.46899559
 0.46899559 0.46899559 0.46899559 0.46899559 0.48977901 0.48977901
 0.46899559 0.46899559 0.46899559 0.48977901 0.46899559 0.46899559
 0.46899559 0.46899559 0.46899559 0.46899559 0.46899559 0.46899559
 0.46899559 0.46899559 0.46899559 0.46899559 0.44749926 0.44749926
 0.44749926 0.44749926 0.44749926 0.46899559 0.46899559 0.46899559
 0.46899559 0.46899559 0.46899559 0.46899559 0.46899559 0.44749926
 0.44749926 0.42524461 0.42524461 0.42524461 0.42524461 0.42524461
 0.42524461 0.42524461 0.42524461 0.40217919 0.40217919 0.40217919
 0.40217919 0.40217919 0.40217919 0.40217919 0.40217919 0.37824164
 0.37824164 0.37824164 0.37824164 0.37824164 0.37824164 0.37824164
 0.37824164 0.40217919 0.40217919 0.40217919 0.42524461 0.44749926
 0.44749926 0.44749926 0.44749926 0.44749926 0.44749926 0.44749926
 0.44749926 0.44749926 0.44749926 0.44749926 0.44749926 0.44749926
 0.44749926 0.42524461 0.42524461 0.42524461 0.42524461 0.44749926
 0.44749926 0.42524461 0.42524461 0.42524461 0.42524461 0.42524461
 0.42524461 0.42524461 0.42524461 0.44749926 0.44749926 0.44749926
 0.44749926 0.44749926 0.44749926 0.42524461 0.42524461 0.42524461
 0.42524461 0.42524461 0.40217919 0.40217919 0.40217919 0.37824164
 0.37824164 0.37824164 0.37824164 0.37824164 0.37824164 0.37824164
 0.37824164 0.37824164 0.37824164 0.37824164 0.37824164 0.35335934
 0.35335934 0.35335934 0.35335934 0.35335934 0.35335934 0.35335934
 0.35335934 0.35335934 0.35335934 0.35335934 0.35335934 0.35335934
 0.35335934 0.37824164 0.37824164 0.35335934 0.35335934 0.37824164
 0.40217919 0.40217919 0.40217919 0.40217919 0.40217919 0.40217919
 0.40217919 0.42524461 0.42524461 0.42524461 0.42524461 0.42524461]