[0.8462072  0.85545081 0.85545081 0.85545081 0.85545081 0.86437634
 0.85545081 0.8462072  0.8462072  0.8462072  0.8462072  0.83664074
 0.82674637 0.83664074 0.83664074 0.82674637 0.82674637 0.83664074
 0.83664074 0.82674637 0.82674637 0.83664074 0.82674637 0.82674637
 0.81651871 0.80595204 0.80595204 0.79504028 0.80595204 0.80595204
 0.80595204 0.80595204 0.80595204 0.80595204 0.80595204 0.79504028
 0.79504028 0.80595204 0.79504028 0.79504028 0.79504028 0.78377695
 0.78377695 0.78377695 0.77215514 0.77215514 0.77215514 0.7601675
 0.74780616 0.7601675  0.7601675  0.7601675  0.7601675  0.7601675
 0.7601675  0.77215514 0.78377695 0.78377695 0.79504028 0.79504028
 0.80595204 0.81651871 0.82674637 0.82674637 0.83664074 0.8462072
 0.83664074 0.82674637 0.83664074 0.83664074 0.83664074 0.83664074
 0.83664074 0.83664074 0.83664074 0.83664074 0.83664074 0.8462072
 0.8462072  0.8462072  0.8462072  0.8462072  0.8462072  0.85545081
 0.86437634 0.86437634 0.87298829 0.8812909  0.8812909  0.8812909
 0.8812909  0.8812909  0.8812909  0.8812909  0.8812909  0.8812909
 0.87298829 0.87298829 0.87298829 0.87298829 0.87298829 0.8812909
 0.8812909  0.8812909  0.8812909  0.88928815 0.88928815 0.88928815
 0.88928815 0.88928815 0.88928815 0.88928815 0.89698382 0.89698382
 0.89698382 0.89698382 0.89698382 0.89698382 0.88928815 0.89698382
 0.90438146 0.90438146 0.90438146 0.90438146 0.89698382 0.89698382
 0.89698382 0.90438146 0.91148441 0.91148441 0.91148441 0.90438146
 0.90438146 0.89698382 0.89698382 0.89698382 0.90438146 0.90438146
 0.90438146 0.89698382 0.90438146 0.90438146 0.90438146 0.90438146
 0.90438146 0.90438146 0.90438146 0.90438146 0.90438146 0.90438146
 0.90438146 0.89698382 0.89698382 0.89698382 0.88928815 0.8812909
 0.8812909  0.8812909  0.87298829 0.87298829 0.86437634 0.86437634
 0.86437634 0.85545081 0.8462072  0.8462072  0.8462072  0.83664074
 0.82674637 0.82674637 0.82674637 0.81651871 0.81651871 0.81651871
 0.81651871 0.81651871 0.81651871 0.81651871 0.80595204 0.79504028
 0.79504028 0.78377695 0.77215514 0.78377695 0.79504028 0.79504028
 0.79504028 0.79504028 0.79504028 0.79504028 0.78377695 0.78377695
 0.78377695 0.78377695 0.78377695 0.79504028 0.79504028 0.80595204
 0.80595204 0.80595204 0.80595204 0.80595204 0.80595204 0.80595204
 0.79504028 0.78377695 0.77215514 0.78377695 0.77215514 0.77215514
 0.7601675  0.7601675  0.74780616 0.74780616 0.73506269 0.72192809
 0.72192809 0.72192809 0.70839269 0.72192809 0.72192809 0.72192809
 0.72192809 0.72192809 0.72192809 0.72192809 0.72192809 0.72192809
 0.72192809 0.72192809 0.72192809 0.72192809 0.72192809 0.70839269
 0.69444607 0.69444607 0.69444607 0.68007705 0.68007705 0.68007705
 0.68007705 0.68007705 0.68007705 0.68007705 0.69444607 0.70839269
 0.70839269 0.70839269 0.70839269 0.72192809 0.72192809 0.70839269
 0.70839269 0.70839269 0.72192809 0.70839269 0.72192809 0.72192809
 0.73506269 0.74780616 0.73506269 0.73506269 0.72192809 0.73506269
 0.73506269 0.73506269 0.73506269 0.73506269 0.73506269 0.72192809
 0.70839269 0.69444607 0.69444607 0.69444607 0.69444607 0.69444607
 0.69444607 0.68007705 0.66527352 0.65002242 0.65002242 0.65002242
 0.65002242 0.65002242 0.63430955 0.65002242 0.65002242 0.65002242
 0.66527352 0.66527352 0.65002242 0.65002242 0.65002242 0.65002242
 0.65002242 0.65002242 0.65002242 0.65002242 0.65002242 0.65002242
 0.66527352 0.66527352 0.66527352 0.68007705 0.68007705 0.68007705
 0.69444607 0.69444607 0.69444607 0.69444607 0.69444607 0.69444607
 0.70839269 0.70839269 0.70839269 0.72192809 0.72192809 0.72192809
 0.72192809 0.73506269 0.73506269 0.73506269 0.73506269 0.73506269
 0.73506269 0.73506269 0.73506269 0.73506269 0.73506269 0.73506269
 0.73506269 0.73506269 0.73506269 0.73506269 0.72192809 0.72192809
 0.72192809 0.72192809 0.72192809 0.72192809 0.72192809 0.73506269
 0.73506269 0.73506269 0.73506269 0.73506269 0.73506269 0.72192809
 0.72192809 0.72192809 0.72192809 0.70839269 0.72192809 0.73506269
 0.73506269 0.73506269 0.73506269 0.72192809 0.72192809 0.72192809
 0.72192809 0.72192809 0.72192809 0.73506269 0.73506269 0.73506269
 0.74780616 0.74780616 0.7601675  0.7601675  0.77215514 0.78377695
 0.78377695 0.78377695 0.78377695 0.78377695 0.78377695 0.78377695
 0.78377695 0.78377695 0.78377695 0.79504028 0.79504028 0.79504028
 0.79504028 0.79504028 0.78377695 0.79504028 0.79504028 0.80595204
 0.80595204 0.81651871 0.81651871 0.81651871 0.81651871 0.80595204
 0.80595204 0.80595204 0.79504028 0.78377695 0.78377695 0.78377695
 0.79504028 0.80595204 0.79504028 0.80595204 0.79504028 0.79504028
 0.78377695 0.77215514 0.77215514 0.77215514 0.77215514 0.7601675
 0.7601675  0.77215514 0.77215514 0.77215514 0.77215514 0.77215514
 0.77215514 0.77215514 0.77215514 0.77215514 0.77215514 0.77215514
 0.77215514 0.77215514 0.77215514 0.77215514 0.77215514 0.77215514
 0.77215514 0.77215514 0.77215514 0.7601675  0.74780616 0.74780616
 0.73506269 0.73506269 0.73506269 0.73506269 0.74780616 0.74780616
 0.74780616 0.7601675  0.7601675  0.7601675  0.7601675  0.7601675
 0.74780616 0.74780616 0.74780616 0.73506269 0.73506269 0.73506269
 0.73506269 0.73506269 0.73506269 0.73506269 0.73506269 0.73506269
 0.72192809 0.72192809 0.72192809 0.70839269 0.70839269 0.70839269
 0.70839269 0.69444607 0.70839269 0.70839269 0.70839269 0.70839269
 0.72192809 0.72192809 0.72192809 0.73506269 0.73506269 0.73506269
 0.73506269 0.73506269 0.73506269 0.72192809 0.73506269 0.73506269
 0.72192809 0.70839269 0.70839269 0.70839269 0.70839269 0.69444607
 0.69444607 0.70839269 0.70839269 0.70839269 0.70839269 0.72192809
 0.73506269 0.73506269 0.73506269 0.74780616 0.73506269 0.72192809
 0.73506269 0.74780616 0.74780616 0.74780616 0.74780616 0.74780616
 0.74780616 0.73506269 0.73506269 0.72192809 0.72192809 0.72192809
 0.72192809 0.73506269 0.72192809 0.70839269 0.69444607 0.68007705
 0.69444607 0.69444607 0.69444607 0.69444607 0.70839269 0.69444607
 0.69444607 0.69444607 0.69444607 0.68007705 0.68007705 0.69444607
 0.69444607 0.70839269 0.70839269 0.69444607 0.70839269 0.70839269
 0.70839269 0.70839269 0.70839269 0.70839269 0.69444607 0.69444607
 0.69444607 0.69444607 0.69444607 0.69444607 0.69444607 0.69444607
 0.68007705 0.66527352 0.66527352 0.65002242 0.65002242 0.65002242
 0.65002242 0.65002242 0.66527352 0.66527352 0.66527352 0.66527352
 0.66527352 0.65002242 0.65002242 0.65002242 0.66527352 0.66527352
 0.66527352 0.66527352 0.66527352 0.66527352 0.66527352 0.66527352
 0.66527352 0.66527352 0.66527352 0.66527352 0.66527352 0.66527352
 0.66527352 0.66527352 0.66527352 0.68007705 0.68007705 0.68007705
 0.68007705 0.68007705 0.68007705 0.68007705 0.68007705 0.68007705
 0.69444607 0.68007705 0.68007705 0.68007705 0.68007705 0.68007705
 0.68007705 0.68007705 0.68007705 0.68007705 0.68007705 0.68007705
 0.66527352 0.66527352 0.66527352 0.66527352 0.66527352 0.66527352
 0.68007705 0.68007705 0.69444607 0.69444607 0.69444607 0.69444607
 0.69444607 0.70839269 0.69444607 0.69444607 0.69444607 0.70839269
 0.70839269 0.70839269 0.72192809 0.70839269 0.70839269 0.70839269
 0.70839269 0.72192809 0.72192809 0.72192809 0.70839269 0.70839269
 0.70839269 0.72192809 0.73506269 0.74780616 0.74780616 0.74780616
 0.74780616 0.73506269 0.73506269 0.72192809 0.73506269 0.73506269
 0.72192809 0.70839269 0.70839269 0.69444607 0.69444607 0.70839269
 0.70839269 0.70839269 0.70839269 0.72192809 0.72192809 0.73506269
 0.73506269 0.73506269 0.73506269 0.73506269 0.73506269 0.73506269
 0.72192809 0.70839269 0.70839269 0.70839269 0.70839269 0.70839269
 0.69444607 0.69444607 0.69444607 0.69444607 0.69444607 0.69444607
 0.69444607 0.70839269 0.70839269 0.70839269 0.70839269 0.69444607
 0.69444607 0.68007705 0.68007705 0.68007705 0.66527352 0.65002242
 0.65002242 0.63430955 0.63430955 0.63430955 0.63430955 0.65002242
 0.66527352 0.66527352 0.66527352 0.66527352 0.66527352 0.66527352
 0.66527352 0.66527352 0.68007705 0.68007705 0.68007705 0.69444607
 0.69444607 0.69444607 0.68007705 0.69444607 0.69444607 0.69444607
 0.69444607 0.69444607 0.69444607 0.69444607 0.68007705 0.68007705
 0.68007705 0.68007705 0.68007705 0.69444607 0.69444607 0.69444607
 0.69444607 0.69444607 0.69444607 0.69444607 0.69444607 0.69444607
 0.69444607 0.70839269 0.70839269 0.69444607 0.69444607 0.70839269
 0.70839269 0.70839269 0.70839269 0.70839269 0.69444607 0.70839269
 0.69444607 0.69444607 0.69444607 0.69444607 0.69444607 0.69444607
 0.70839269 0.70839269 0.70839269 0.70839269 0.70839269 0.72192809
 0.73506269 0.73506269 0.74780616 0.74780616 0.74780616 0.74780616
 0.73506269 0.73506269 0.73506269 0.74780616 0.74780616 0.74780616
 0.74780616 0.73506269 0.73506269 0.73506269 0.73506269 0.72192809
 0.70839269 0.70839269 0.69444607 0.70839269 0.70839269 0.70839269
 0.72192809 0.70839269 0.72192809 0.72192809 0.72192809 0.72192809
 0.72192809 0.70839269 0.69444607 0.68007705 0.68007705 0.68007705
 0.68007705 0.68007705 0.68007705 0.68007705 0.66527352 0.65002242
 0.65002242 0.65002242 0.65002242 0.65002242 0.65002242 0.63430955
 0.61811949 0.60143539 0.60143539 0.58423881 0.58423881 0.56650951
 0.56650951 0.56650951 0.56650951 0.56650951 0.56650951 0.56650951
 0.56650951 0.56650951 0.56650951 0.56650951 0.58423881 0.58423881
 0.58423881 0.58423881 0.58423881 0.60143539 0.60143539]