[0.99884554 0.99884554 0.99884554 0.99948698 0.99948698 0.99987176
 1.         0.99987176 0.99948698 0.99948698 0.99948698 0.99948698
 0.99948698 0.99948698 0.99948698 0.99948698 0.99948698 0.99987176
 0.99987176 0.99987176 0.99948698 0.99948698 0.99948698 0.99948698
 0.99948698 0.99987176 0.99987176 0.99987176 1.         0.99987176
 0.99948698 0.99948698 0.99987176 0.99948698 0.99884554 0.99948698
 0.99948698 0.99948698 0.99948698 0.99884554 0.99948698 0.99948698
 0.99884554 0.99884554 0.99948698 0.99948698 0.99948698 0.99948698
 0.99948698 0.99948698 0.99987176 1.         1.         1.
 1.         0.99987176 0.99987176 1.         0.99987176 0.99987176
 0.99987176 0.99948698 0.99884554 0.99794719 0.99794719 0.99884554
 0.99884554 0.99884554 0.99794719 0.99794719 0.99884554 0.99794719
 0.99884554 0.99794719 0.99794719 0.99794719 0.99794719 0.99794719
 0.99794719 0.99679163 0.99679163 0.99679163 0.99679163 0.99537844
 0.99679163 0.99679163 0.99537844 0.99679163 0.99794719 0.99794719
 0.99884554 0.99794719 0.99884554 0.99794719 0.99679163 0.99679163
 0.99537844 0.99370711 0.99177703 0.99177703 0.98958752 0.98713777
 0.9844269  0.9844269  0.9814539  0.9814539  0.97821767 0.97821767
 0.97821767 0.97821767 0.97821767 0.97821767 0.97821767 0.97821767
 0.97821767 0.97821767 0.974717   0.97095059 0.96691701 0.97095059
 0.96691701 0.96691701 0.97095059 0.97095059 0.97095059 0.97095059
 0.97095059 0.97095059 0.96691701 0.97095059 0.96691701 0.96691701
 0.96691701 0.97095059 0.96691701 0.96691701 0.97095059 0.97095059
 0.97095059 0.97095059 0.974717   0.974717   0.97821767 0.9814539
 0.9844269  0.98713777 0.9844269  0.9814539  0.9814539  0.97821767
 0.974717   0.97095059 0.97095059 0.96691701 0.97095059 0.96691701
 0.96691701 0.97095059 0.97095059 0.974717   0.974717   0.974717
 0.974717   0.97095059 0.97095059 0.974717   0.974717   0.97095059
 0.97095059 0.97095059 0.97095059 0.97095059 0.96691701 0.96261471
 0.95804202 0.95804202 0.95319717 0.95804202 0.95319717 0.95319717
 0.95319717 0.95319717 0.95319717 0.95319717 0.95319717 0.95319717
 0.95319717 0.95319717 0.95319717 0.95804202 0.95319717 0.95319717
 0.95319717 0.95319717 0.94807824 0.94807824 0.94268319 0.93700983
 0.94268319 0.93700983 0.93700983 0.93105582 0.93105582 0.93105582
 0.93700983 0.93105582 0.93700983 0.94268319 0.94807824 0.94807824
 0.94268319 0.94268319 0.94268319 0.94807824 0.94268319 0.94268319
 0.94807824 0.94268319 0.94807824 0.95319717 0.95319717 0.95319717
 0.94807824 0.94807824 0.94807824 0.95319717 0.95804202 0.95804202
 0.95319717 0.95319717 0.95804202 0.95804202 0.95804202 0.96261471
 0.96261471 0.96691701 0.97095059 0.97095059 0.96691701 0.96691701
 0.96261471 0.96261471 0.95804202 0.95804202 0.95804202 0.95804202
 0.95804202 0.96261471 0.96691701 0.96691701 0.97095059 0.97095059
 0.974717   0.97821767 0.97821767 0.9814539  0.9844269  0.98713777
 0.98958752 0.98958752 0.98958752 0.99177703 0.99370711 0.99370711
 0.99370711 0.99370711 0.99537844 0.99537844 0.99537844 0.99370711
 0.99537844 0.99679163 0.99679163 0.99537844 0.99537844 0.99370711
 0.99537844 0.99370711 0.99370711 0.99370711 0.99537844 0.99370711
 0.99370711 0.99370711 0.99370711 0.99177703 0.98958752 0.98958752
 0.98958752 0.98713777 0.9844269  0.9844269  0.9814539  0.97821767
 0.974717   0.97095059 0.974717   0.974717   0.974717   0.974717
 0.974717   0.974717   0.97095059 0.974717   0.97095059 0.974717
 0.97095059 0.96691701 0.97095059 0.97095059 0.974717   0.974717
 0.974717   0.974717   0.97821767 0.974717   0.974717   0.97821767
 0.97821767 0.9814539  0.9814539  0.9814539  0.9844269  0.9844269
 0.9844269 ]