[0.31135737 0.31135737 0.31135737 0.32744492 0.32744492 0.32744492
 0.34312291 0.34312291 0.34312291 0.34312291 0.34312291 0.34312291
 0.34312291 0.35841532 0.35841532 0.35841532 0.35841532 0.35841532
 0.35841532 0.35841532 0.35841532 0.35841532 0.35841532 0.37334332
 0.37334332 0.37334332 0.37334332 0.37334332 0.37334332 0.37334332
 0.37334332 0.37334332 0.37334332 0.37334332 0.37334332 0.37334332
 0.37334332 0.37334332 0.37334332 0.37334332 0.37334332 0.37334332
 0.37334332 0.37334332 0.37334332 0.37334332 0.37334332 0.37334332
 0.37334332 0.37334332 0.37334332 0.37334332 0.37334332 0.37334332
 0.37334332 0.37334332 0.37334332 0.37334332 0.37334332 0.37334332
 0.37334332 0.37334332 0.37334332 0.37334332 0.37334332 0.37334332
 0.37334332 0.37334332 0.37334332 0.37334332 0.37334332 0.37334332
 0.37334332 0.38792568 0.38792568 0.38792568 0.38792568 0.38792568
 0.38792568 0.38792568 0.38792568 0.38792568 0.38792568 0.38792568
 0.38792568 0.38792568 0.38792568 0.38792568 0.38792568 0.38792568
 0.38792568 0.38792568 0.38792568 0.38792568 0.38792568 0.38792568
 0.38792568 0.38792568 0.38792568 0.38792568 0.38792568 0.38792568
 0.38792568 0.38792568 0.38792568 0.38792568 0.38792568 0.38792568
 0.38792568 0.38792568 0.38792568 0.38792568 0.38792568 0.38792568
 0.37334332 0.37334332 0.37334332 0.37334332 0.37334332 0.35841532
 0.35841532 0.35841532 0.35841532 0.35841532 0.35841532 0.35841532
 0.35841532 0.35841532 0.35841532 0.34312291 0.34312291 0.34312291
 0.34312291 0.34312291 0.34312291 0.34312291 0.34312291 0.34312291
 0.34312291 0.34312291 0.34312291 0.34312291 0.32744492 0.32744492
 0.32744492 0.32744492 0.32744492 0.32744492 0.32744492 0.32744492
 0.32744492 0.32744492 0.32744492 0.32744492 0.32744492 0.32744492
 0.32744492 0.32744492 0.32744492 0.32744492 0.32744492 0.32744492
 0.32744492 0.32744492 0.32744492 0.32744492 0.32744492 0.32744492
 0.32744492 0.32744492 0.32744492 0.32744492 0.32744492 0.32744492
 0.32744492 0.32744492 0.32744492 0.32744492 0.32744492 0.32744492
 0.32744492 0.34312291 0.34312291 0.35841532 0.35841532 0.35841532
 0.35841532 0.35841532 0.35841532 0.35841532 0.35841532 0.35841532
 0.35841532 0.35841532 0.35841532 0.35841532 0.35841532 0.35841532
 0.34312291 0.34312291 0.34312291 0.32744492 0.32744492 0.32744492
 0.31135737 0.29483282 0.29483282 0.29483282 0.29483282 0.27783957
 0.27783957 0.27783957 0.27783957 0.29483282 0.27783957 0.29483282
 0.29483282 0.29483282 0.31135737 0.31135737 0.31135737 0.31135737
 0.31135737 0.31135737 0.31135737 0.31135737 0.31135737 0.31135737
 0.31135737 0.31135737 0.31135737 0.31135737 0.31135737 0.31135737
 0.31135737 0.31135737 0.32744492 0.32744492 0.32744492 0.32744492
 0.31135737 0.31135737 0.29483282 0.29483282 0.27783957 0.27783957
 0.29483282 0.31135737 0.31135737 0.31135737 0.31135737 0.31135737
 0.31135737 0.29483282 0.29483282 0.29483282 0.27783957 0.27783957
 0.27783957 0.27783957 0.27783957 0.27783957 0.27783957 0.26034063
 0.26034063 0.26034063 0.26034063 0.26034063 0.26034063 0.26034063
 0.27783957 0.27783957 0.27783957 0.26034063 0.26034063 0.26034063
 0.27783957 0.27783957 0.27783957 0.27783957 0.27783957 0.27783957
 0.27783957 0.27783957 0.27783957 0.27783957 0.27783957 0.29483282
 0.29483282 0.31135737 0.31135737 0.31135737 0.31135737 0.31135737
 0.31135737 0.31135737 0.31135737 0.31135737 0.31135737 0.31135737
 0.31135737 0.31135737 0.31135737 0.31135737 0.31135737 0.31135737
 0.31135737 0.31135737 0.31135737 0.31135737 0.31135737 0.31135737
 0.31135737 0.31135737 0.31135737 0.31135737 0.31135737 0.31135737
 0.31135737 0.31135737 0.31135737 0.31135737 0.31135737 0.29483282
 0.29483282 0.29483282 0.29483282 0.29483282 0.29483282 0.29483282
 0.29483282 0.29483282 0.29483282 0.29483282 0.29483282 0.29483282
 0.31135737 0.31135737 0.32744492 0.32744492 0.32744492 0.34312291
 0.34312291 0.34312291 0.34312291 0.34312291 0.34312291 0.34312291
 0.34312291 0.34312291 0.34312291 0.34312291 0.34312291 0.34312291
 0.34312291 0.34312291 0.34312291 0.34312291 0.34312291 0.34312291
 0.34312291 0.34312291 0.34312291 0.34312291 0.34312291 0.34312291
 0.34312291 0.34312291 0.34312291 0.34312291 0.34312291 0.34312291
 0.34312291 0.34312291 0.34312291 0.34312291 0.35841532 0.35841532
 0.35841532 0.35841532 0.35841532 0.35841532 0.35841532 0.35841532
 0.37334332 0.37334332 0.37334332 0.37334332 0.37334332 0.37334332
 0.37334332 0.37334332 0.37334332 0.37334332 0.37334332 0.38792568
 0.38792568 0.38792568 0.38792568 0.38792568 0.40217919 0.40217919
 0.40217919 0.41611895 0.41611895 0.41611895 0.41611895 0.41611895
 0.42975861 0.42975861 0.42975861 0.42975861 0.44311056 0.44311056
 0.44311056 0.44311056 0.4561861  0.4561861  0.4561861  0.4561861
 0.4561861  0.4561861  0.4561861  0.4561861  0.4561861  0.4561861
 0.4561861  0.4561861  0.4561861  0.4561861  0.4561861  0.44311056
 0.44311056 0.42975861 0.42975861 0.42975861 0.42975861 0.42975861
 0.42975861 0.42975861 0.44311056 0.44311056 0.44311056 0.44311056
 0.44311056 0.44311056 0.44311056 0.44311056 0.44311056 0.44311056
 0.44311056 0.44311056 0.44311056 0.4561861  0.4561861  0.4561861
 0.4561861  0.4561861  0.4561861  0.4561861  0.4561861  0.4561861
 0.4561861  0.44311056 0.4561861  0.44311056 0.44311056 0.44311056
 0.44311056 0.44311056 0.44311056 0.42975861 0.42975861 0.42975861
 0.42975861 0.42975861 0.42975861 0.42975861 0.42975861 0.42975861
 0.42975861 0.42975861 0.42975861 0.42975861]