[47.6838124  47.78444511 47.78444511 47.78444511 47.78444511 47.6838124
 47.6838124  47.78444511 47.81835945 47.69649    47.56831336 47.56831336
 47.67454293 47.67454293 47.79449988 47.88450687 47.97173537 47.97173537
 47.97173537 47.86756379 47.85743756 47.88627261 47.88627261 47.94466605
 47.84574047 47.84574047 47.84574047 47.84574047 47.84574047 47.74629315
 47.74629315 47.63495103 47.74240124 47.84574047 47.84574047 47.84574047
 47.74629315 47.67957145 47.6840078  47.78734703 47.78291068 47.85300121
 47.75799023 47.76743056 47.65271962 47.73014739 47.75244532 47.84485833
 47.9544319  48.03665641 48.12907973 48.22331243 48.33359747 48.23936477
 48.36095342 48.44062354 48.44062354 48.44062354 48.44062354 48.48282522
 48.47031849 48.47269899 48.47269899 48.56693169 48.56693169 48.47269899
 48.56069736 48.46408416 48.61377152 48.61377152 48.71038472 48.70800422
 48.79728698 48.64759963 48.64235363 48.64235363 48.70800422 48.71325022
 48.62525184 48.533587   48.43857602 48.32099957 48.42401344 48.42401344
 48.42401344 48.42401344 48.533587   48.533587   48.533587   48.42163294
 48.30405649 48.17826035 48.04689666 48.17099962 48.29679576 48.4167527
 48.52346076 48.533587   48.42401344 48.44286903 48.44286903 48.49537133
 48.52069132 48.49537133 48.49537133 48.61294778 48.61103527 48.61294778
 48.70795876 48.70795876 48.71371217 48.72335423 48.7452931  48.85464986
 48.95623954 48.93431999 49.01109602 49.09825672 49.29419718 49.37292916
 49.58744818 49.57675935 49.64753277 49.64753277 49.64753277 49.64753277
 49.6509016  49.71084292 49.5007784  49.51366723 49.52822981 49.33905106
 49.32172589 49.45096331 49.45096331 49.43638258 49.43638258 49.5007784
 49.55735395 49.5007784  49.51090464 49.51090464 49.5007784  49.50640649
 49.37104071 49.37830144 49.42624004 49.29848444 49.3361805  49.50460766
 49.4676359  49.46928749 49.49613302 49.53040327 49.53040327 49.53040327
 49.55583437 49.52637118 49.68366017 49.68366017 49.68366017 49.68366017
 49.64834    49.68366017 49.68942965 49.65245789 49.64668841 49.4676359
 49.46037516 49.49299017 49.49184125 49.67478566 49.70380992 49.52201442
 49.52201442 49.52637118 49.53214066 49.53931999 49.55567917 49.56386521
 49.56386521 49.58061604 49.58061604 49.4288541  49.4288541  49.4288541
 49.4288541  49.4288541  49.41210327 49.41210327 49.41210327 49.4288541
 49.42866184 49.27372849 49.27008168 49.13364729 49.13364729 49.13364729
 49.13364729 49.02662122 49.01492414 49.01043495 49.01043495 48.91690074
 48.91265664 48.91265664 48.90506334 48.89706956 48.89432658 48.892449
 48.892449   48.81971655 48.79881178 48.81672675 48.81672675 48.81551284
 48.79129565 48.78770585 48.70690925 48.63119063 48.63119063 48.60553521
 48.60553521 48.64151947 48.66944549 48.70714155 48.70714155 48.7156162
 48.64431176 48.61842403 48.55255038 48.51112412 48.54074205 48.49396441
 48.52979969 48.51521896 48.56199661 48.51521896 48.49396441 48.49396441
 48.44023502 48.37939839 48.37939839 48.41754089 48.38630217 48.37448794
 48.42821732 48.47499497 48.44537704 48.42821732 48.42821732 48.3972631
 48.42821732 48.42821732 48.44537704 48.46278224 48.46278224 48.48010941
 48.47510543 48.47510543 48.46393918 48.47193296 48.48012354 48.49894837
 48.4951093  48.49451202 48.49894837 48.4951093  48.49625822 48.50337756
 48.50216365 48.51745054 48.51745054 48.51866445 48.50337756 48.49625822
 48.4951093  48.4951093  48.52712391 48.53164166 48.54620425 48.5846223
 48.57005972 48.57005972 48.57005972 48.57568781 48.57005972 48.53164166
 48.53599842 48.52718716 48.54620425 48.5035008  48.5079553  48.49774947
 48.49774947 48.5079553  48.53028445 48.5692577  48.5692577  48.5692577
 48.5685334  48.59607733 48.58631358 48.61841868 48.61841868 48.62007487
 48.58920918 48.58920918 48.5907396  48.55490431 48.51773273 48.51672444
 48.51672444 48.5278429  48.53528528 48.50433106 48.50436843 48.53398636
 48.53398636 48.50809863 48.48017261 48.45631303 48.45669512 48.48423905
 48.48423905 48.48258286 48.46356578 48.44764876 48.43923545 48.42752172
 48.41372171 48.40633846 48.40633846 48.43771925 48.44528493 48.46002516
 48.47114362 48.50503581 48.4982741  48.4982741  48.49712518 48.48640167
 48.48640167 48.53220298 48.51047567 48.57190757 48.57190757 48.56371699
 48.53380365 48.60427168 48.60427168 48.62920855 48.63739912 48.69203834
 48.68897437 48.68897437 48.67517436 48.66493257 48.67355149 48.68716211
 48.67473198 48.76517063 48.73071164 48.73071164 48.76517063 48.75265052
 48.71338447 48.74032733 48.81604958 48.93133041 48.93133041 48.88698236
 48.8877715  48.8674555  48.91018067 48.94884698 48.98330596 49.01342802
 49.14237364 49.14156967 49.28379484 49.28379484 49.30656615 49.30656615
 49.32850217 49.32850217 49.34198827 49.34198827 49.33514689 49.34087854
 49.34087854 49.48907464 49.50099708 49.49526542 49.67270115 49.67270115
 49.66125333 49.66525246 49.64412041 49.66525246 49.66544471 49.64036619
 49.61335532 49.60583919 49.56659246 49.56659246 49.60583919 49.56659246
 49.55478413 49.59911287 49.79505333 49.75131986 49.70163973 49.70320592
 49.68664812 49.74134842 49.73165877 49.73165877 49.78325087 49.72267619
 49.78120561 49.71390731 49.71390731 49.71390731 49.64313389 49.64313389
 49.71390731 49.64313389 49.64313389 49.58326818 49.53070516 49.6037858
 49.6037858  49.52990119 49.4495837  49.40455821 49.31799277 49.44115503
 49.33956535 49.44115503 49.3411689  49.47239172 49.35852515 49.27919765
 49.41180951 49.54436737 49.41619073 49.28196154 49.28196154 49.37794178
 49.37794178 49.23695088 49.23695088 49.09694416 49.1099402  48.95145651
 49.07748407 48.91758113 48.73074359 49.0184523  48.86070648 48.65417628
 48.4597473  48.26010878 48.05566968 48.42018445 48.21138384 48.25698976
 47.99869355 48.14209349 48.18769941 47.96051829 47.72205636 47.66889808
 47.42725911 47.49772715 47.23619619 46.97115483 46.99003594 47.08045975
 46.80347077 46.55558644 46.80347077 46.74263414 46.99003594 46.99003594
 47.26335091 47.35377472 47.02789673 47.02789673 47.12994726 47.24364259
 46.95838    46.60941607 46.37556265 46.68520341 46.68520341 46.82742858
 46.62453936 46.98443594 46.67479517 46.30247187 45.97609532 45.75298577
 45.34111747 45.41001932 45.06385796 44.71521382 44.71521382 45.15197456
 45.34391589 44.93587967 45.06228209 45.29805858 45.71790026 45.97465668
 45.84234217 45.41168753 45.13840054 45.13840054 45.13840054 45.45583845
 45.37382794 45.45583845 45.45583845 45.45583845 45.45583845 45.88378794
 46.29552207 46.29552207 46.29552207 46.29552207 46.61793748 46.61793748
 46.61793748 46.29552207 46.69087607 46.69087607 47.06969404 47.4318287
 47.77714113 48.04892111 47.7160354  48.04892111 48.04892111 47.75238797
 47.75238797 47.4839019  47.80875823 47.4839019  47.4839019  47.4839019
 47.4839019  47.80875823 47.80875823 47.80875823 47.4839019  47.4839019
 47.50798554 47.50798554 47.17918272 47.17918272 47.44939984 47.11695021
 47.11695021 47.11695021 47.11695021 46.76889139 46.40537934 46.76889139
 46.76889139 46.76889139 46.76889139 46.76889139 46.76889139 46.76889139
 46.71013708 47.0612224  47.0612224  47.11695021 46.83446416 46.47397861
 46.17718924 46.55025747 46.55025747 46.38713828 46.4682042  46.4682042
 46.81292276 46.81292276 46.81292276 47.14172557 47.45447266 47.75103257
 47.75103257 47.45447266 47.54057504 47.54057504 47.54057504 47.3293633
 47.23977557 47.23977557 47.23977557 47.54057504 47.46360303 47.46360303
 47.46360303 47.46360303 47.46360303 47.46360303 47.46360303 47.46360303
 47.46360303 47.46360303 47.6872732  47.6286875  47.91003106 47.91003106
 47.91003106 47.91003106 47.86129033 48.13118323 48.38584885 48.17597748
 48.42640355 48.17597748 48.17597748 48.17597748 48.03886899 48.03886899
 48.03886899 48.2388954  48.25271584 48.3031155  48.33794177 48.59512231
 48.59512231 48.59512231 48.83621499 49.02513265 48.79514872 48.54924898
 48.54924898 48.79514872 48.99391135 48.79514872 48.79514872 48.54924898
 48.54924898 48.28754212 48.50869429 48.7276018  48.96691912 48.96691912
 48.96691912 48.96691912 48.96691912 48.96691912 48.7276018  48.47293618
 48.47293618 48.39873747 48.1570985  48.1570985  47.86413656 47.86413656
 48.1570985  48.43449558 48.61343456 48.61343456 48.87514142 48.87514142
 48.90213364 48.64495311 48.64495311 48.90213364 48.90213364 48.90213364
 48.64495311 48.64495311 48.64495311 48.69620244 48.47505027 48.7322308
 48.69620244 48.69620244 48.43449558 48.66468389 48.63719939 48.36730649
 48.36730649 48.11739391 48.11739391 47.9180529  47.61810389 47.50905213
 47.50905213 47.41100213 47.41100213 47.41100213 47.73468278 47.73468278
 48.00799775 47.69626472 47.97713205 47.95010802 47.95010802 47.95010802
 48.0740432  48.05053136 48.05053136 48.35621204 48.37701871 48.46266808
 48.46266808 48.17131095 48.17131095 48.17131095 48.46266808 48.17131095
 48.14779911 48.25433425 48.53694589 48.79036176 48.79036176 49.04787869
 48.80557157 48.53694589 48.53694589 48.51903092 48.79036176 49.03767286
 49.03767286 49.03767286 49.03767286 48.96497792 49.09726912 49.3658948
 49.09726912 48.81465748 48.81465748 48.51821929 48.51821929 48.20812444
 48.20812444 48.50533047 48.40806273 48.40806273 48.40806273 48.40806273
 48.40806273 48.71815758 48.71815758 48.40806273 48.09907268 48.40806273
 48.40806273 48.40806273 48.50533047 48.20812444 48.20812444 48.20812444
 48.32627796 48.32627796 48.03350828 48.03350828 47.7099375  47.37308281
 47.68958413 47.68958413 47.37308281 47.37308281 47.37308281 47.7099375
 47.53406796 47.83862166 47.83862166 47.83862166 47.83862166 47.83862166
 47.83862166 47.53406796 47.85897503 47.53406796 47.85897503 47.83862166
 47.53406796 47.19624235 47.19624235 46.87263577 47.06325606 47.06325606
 47.06325606 47.03633252 47.03633252 47.03633252 47.03633252 47.35283384
 47.66182388 47.83272176 47.53551573 47.53551573 47.53551573 47.53551573
 47.53551573 47.20883377 47.20883377 47.53551573 47.83272176 47.83272176
 47.51782382 47.70356743 47.70356743 47.58828659 47.87776615 47.87776615
 47.57527571 47.26219003 47.27417778 47.48622122 47.17313554 46.84972625
 46.84972625 47.08518043 47.08518043 46.76368365 46.76368365 46.43261975
 46.76368365 47.0765656  47.38103237 47.1573622  47.46707496 47.46469447
 47.1573622  47.46707496 47.46707496 47.47423348 47.17313554 47.17313554
 46.84972625 46.84972625 46.84972625 46.61395117 46.61395117 46.93878074
 46.93878074 46.93878074 46.60533634 46.60533634 46.26216319 46.26216319
 46.26839752 46.26839752 46.28090425 46.29975985 46.29975985 46.29975985
 46.41341781 46.43976093 46.7633675  46.41341781 46.41341781 46.17956439
 46.17956439 46.17956439 46.17956439 46.12973283 45.76853734 45.76853734
 45.66651525 45.42023511 45.42023511 45.45115196 45.6974321  45.66651525
 45.66651525 46.00239076 46.00239076 46.00239076 45.64265568 45.29435344
 45.64265568 45.64265568 45.64265568 46.00239076 46.00239076 46.00239076
 46.35131732 46.66781864 46.99371147 46.99371147 46.62998583 46.62998583
 46.94409465 46.65132497 46.96603352 46.96603352 46.96603352 46.96603352
 46.67826782 46.67826782 46.67826782 46.99316577 46.99316577 46.71099694
 46.99316577 46.99316577 46.80742216 46.80742216 46.80742216 47.09518786
 46.92428998 46.92428998 47.23897922 46.95121352 47.2653075  47.2653075
 47.29626172 47.5964301  47.5964301  47.5964301  47.56681217 47.2653075
 47.11052809 47.14148231 47.45326907 47.72381952 47.59818439 47.57416332
 47.85531463 47.85531463 47.83939761 47.83939761 47.53692201 47.55380995
 47.55380995 47.55380995 47.23971598 47.23971598 47.10977844 47.10977844
 47.43565644 47.13110274 46.8196054  46.8196054  47.15646009 46.85055962
 46.53876727 46.39338972 46.75328629 46.43609316 46.06376986 46.06376986
 46.43609316 46.43609316 46.43609316 46.06376986 45.72911969 46.06376986
 46.43609316 46.67186965 46.67186965 46.56240885 46.22775868 46.22775868
 46.22775868 46.60893446 46.60893446 46.51528587 46.84993603 46.84993603
 46.56240885 46.46876026 46.84993603 46.84993603 46.84993603 46.84993603
 46.84993603 46.84993603 46.84993603 47.21615324 47.17955589 46.84993603
 46.84993603 46.46876026 46.84993603 46.46876026 46.46876026 46.46876026
 46.84993603 46.84993603 47.21615324 47.21615324 47.21615324 47.25759779
 47.25759779 47.60565662 47.90302845 48.22336884 48.52811479 48.52811479
 48.52811479 48.81713025 48.79719811 48.78018765 49.06153121 49.06153121
 49.06153121 48.78018765 48.79719811 48.79719811 48.50423618 48.50423618
 48.79719811 48.79719811 49.06153121 49.40016348 49.40016348 49.40016348
 49.4235391  49.69669662 49.69408955 49.41669248 49.754075   49.4663093
 49.75532475 49.75793182 49.75793182 49.48198035 49.43236352 49.40898791
 49.15152297 48.86674707 48.86674707 48.84681493 48.84681493 48.54206898
 48.54206898 48.5659476  48.54206898 48.82980447 48.91596182 49.22070777
 48.91596182 49.20991467 48.9015219  48.9015219  48.9015219  49.20991467
 49.20991467 49.20991467 49.20991467 49.20991467 49.20991467 49.20991467
 49.20991467 49.50287661 49.78027368 50.04497035 50.04497035 49.78027368
 49.78027368 49.78027368 49.50287661 49.50287661 49.50287661 49.50287661
 49.20991467 49.20107162 49.49768037 49.20107162 49.20107162 49.20107162
 49.49768037 49.49768037 49.20107162 48.9015219  49.20107162 48.9015219
 48.63988246 48.70059073 48.41285524 48.41285524 48.72124801 48.72124801
 49.01420995 49.01420995 49.01420995 49.27854304 49.27854304 49.27854304
 49.27854304 49.54448946 49.54448946 49.54448946 49.27854304 49.54448946
 49.54448946 49.54448946 49.27854304 49.32979237 49.58445799 49.58445799
 49.32979237 49.58445799 49.82377531 49.86465003 49.86465003 49.64509159
 49.63626716 49.63626716 49.86465003 49.86465003 50.07774874 49.86465003
 49.86465003 49.86204297 49.62942054 49.86079321 49.62942054 49.62942054
 49.57761137 49.82116825 49.82116825 49.82116825 50.04955112 50.27016595
 50.27016595 50.04955112 49.82377531 49.58445799 49.59328242 49.59328242
 49.82377531 49.82377531 49.82116825 49.82116825 50.04955112 50.04955112
 49.82116825 49.82116825 49.57761137 49.82116825 50.04955112 50.04955112
 50.04955112 50.04955112 49.82377531 49.58445799 49.32979237 49.58445799
 49.32979237 49.32979237 49.34285635 49.34285635 49.07690993 49.34285635
 49.07690993 48.95589953 48.68600663 48.93888907 48.93888907 48.93888907
 48.93888907 49.00180698 49.00180698 48.73954806 48.73954806 49.00180698
 49.23851724 49.22967419 48.98736706 49.23851724 49.24931034 49.31107083
 49.15536241 48.91514669 48.66065625 48.8973665  49.060062   49.22967419
 49.22967419 49.46605084 49.46605084 49.22967419 49.46988991 49.46988991
 49.22967419 49.22967419 48.98736706 49.00180698 49.24931034 49.00180698
 49.23851724 49.24931034 49.24931034 49.47508614 49.47508614 49.23851724
 49.46988991 49.22967419 49.12366434 48.88010835 48.88010835 48.88010835
 48.88010835 48.88010835 48.88010835 48.71049617 48.95405215 48.87514405
 48.87514405 48.8179437  49.01758223 49.2120112  49.01040289 49.20926822
 49.20926822 49.01040289 48.75635164 48.95521697 48.96098645 48.96098645
 48.79526446 48.79526446 48.98987222 48.98987222 48.80547028 48.98987222
 48.96098645 48.94117364 49.14278195 49.33102295 49.14278195 49.14278195
 49.14278195 49.33162023 49.51002333 49.33102295 49.33102295 49.51002333
 49.51451252 49.33276915 49.33276915 49.33276915 49.33271702 49.14794716
 49.33271702 49.34211883 49.50476476 49.4418296  49.4418296  49.59973942
 49.59973942 49.60712268 49.45070411 49.64226335 49.64226335 49.64226335
 49.6355261  49.46985369 49.29202471 49.29202471 49.29202471 49.46985369
 49.46985369 49.46549693 49.46549693 49.28888187 49.46097918 49.46097918
 49.62028484 49.62028484 49.46097918 49.62028484 49.62028484 49.45649
 49.46097918 49.46097918 49.62814285 49.77819466 49.77819466 49.77819466
 49.77819466 49.77819466 49.62028484 49.62028484 49.62028484 49.62028484
 49.62028484 49.76668983 49.900095   49.76668983 49.76668983 49.62028484
 49.62028484 49.62028484 49.76668983 49.76668983 49.900095   49.76668983
 49.91554631 49.77819466 49.77819466 49.62028484 49.76668983 49.77819466
 49.91554631 49.99683823 50.1302434  49.98138692 49.98138692 50.11055254
 49.98138692 50.16889507 50.14804671 50.14804671 50.29353436 50.16889507
 50.01435408 50.01435408 50.16889507 50.16889507 50.03067612 50.26082452
 50.34920335 50.34920335 50.26082452 50.09366084 50.10911215 50.09366084
 50.24113365 50.01435408 50.14804671 50.26787893 50.26787893 50.26787893
 50.40451683 50.29353436 50.29353436 50.31775155 50.18858594 50.18858594
 50.16889507 50.03067612 50.16889507 50.01435408 50.14804671 50.14804671
 49.99739762 50.14804671 50.24567939 50.40022038 50.40022038 50.52005261
 50.37456495 50.24567939 50.10273291 50.10273291 50.10273291 50.21005523
 50.21005523 50.50206204 50.50206204 50.19309877 50.16251481 50.16251481
 50.16251481 50.30065423 50.44971456 50.44971456 50.30212375 50.44971456
 50.62280732 50.48029852 50.32306166 50.19309877 50.34068958 50.1757716
 50.1757716  50.3182804  50.3182804  50.3182804  50.3182804  50.1757716
 49.99759683 49.82803678 49.65615496 49.65615496 49.65615496 49.65615496
 49.47232683 49.65615496 49.83555291 49.83555291 49.84665291 49.84665291
 49.66021772 49.67402653 49.46274081 49.7635135  49.54164891 49.31027624
 49.31027624 49.07356599 49.31712286 49.08662997 49.31712286 49.54550573
 49.31712286 49.54289867 49.7605237  49.7605237  49.7605237  49.7635135
 49.7635135  49.54164891 49.54164891 49.54164891 49.54145666 49.54145666
 49.54205394 49.29849795 49.29849795 49.29849795 49.06984081 49.06984081
 49.07561028 49.116485   49.116485   49.116485   48.86990252 48.86990252
 48.62259142 48.88010835 48.88010835 48.88010835 48.62259142 48.62259142
 48.88010835 48.62259142 48.62259142 48.86990252 48.86142788 49.11071552
 49.34654017 49.11071552 48.86142788 49.10613279 49.10613279 49.10613279
 48.86142788 48.86142788 48.86142788 48.86142788 48.67152483 48.41977738
 48.14403236 48.14403236 48.12945163 48.12945163 48.40688856 48.40688856
 48.67152483 48.66252791 48.39619973 48.39619973 48.12945163 48.40688856
 48.40688856 48.41977738 48.43506426 48.16135753 48.41977738 48.16135753
 48.16135753 48.26426121 48.16135753 48.41977738 48.43506426 48.16135753
 47.87433171 48.06627304 48.04894787 47.74877949 47.43565644 47.43565644
 47.13110274 47.45600981 47.45600981 47.45600981 47.45600981 47.76779657
 47.45600981 47.74877949 47.73286247 48.02234203 48.02234203 48.31239604
 48.31239604 48.32308487 48.59882989 48.60968043 48.86142788 48.86142788
 48.86142788 48.86142788 49.10613279 49.06525807 49.06525807 49.31333181
 49.31333181 49.31260751 49.06166827 49.15674367 49.38975757 49.39048187
 49.65070396 49.39048187 49.39048187 49.39048187 49.65235556 49.65401175
 49.38937548 49.65554218 49.65554218 49.79894212 49.80024104 49.80024104
 50.06889128 50.06889128 49.8012268  49.52148266 49.80184139 50.07047678
 50.0670111  50.0670111  50.33645047 50.33645047 50.33645047 50.0670111
 50.33467557 50.0654256  50.0654256  50.0654256  50.0654256  50.0654256
 50.0654256  50.0654256  50.0654256  50.0654256  50.0654256  50.06889128
 50.06889128 50.08681661 50.08681661 50.08681661 50.08681661 50.08681661
 50.33437431 50.08681661 49.87096131 49.92196396 49.92196396 49.9209782
 50.15503523 50.15503523 50.37700291 50.37700291 50.1520444  50.37197379
 50.14847569 50.36602919 50.36602919 50.36602919 50.55085118 50.75245949
 50.76413575 50.76520871 50.54171061 50.55036038 50.36429183 50.36429183
 50.56892664 50.36429183 50.57903681 50.57903681 50.56793681 50.75270667
 50.56793681 50.56793681 50.37062389 50.36321887 50.1499343  50.1499343
 50.15587891 50.36321887 50.36321887 50.1499343  49.93238081 49.93238081
 49.93238081 49.93238081 49.93594952 49.93594952 50.14673834 50.37169684
 50.37169684 50.37169684 50.37169684 50.37169684 50.37169684 50.37774909
 50.37774909 50.37774909 50.58746495 50.57636495 50.57636495 50.58301695
 50.77970924 50.58782004 50.59072252 50.78661084 50.59072252 50.78661084
 50.78661084 51.00246615 51.00246615 50.80754875 50.60279344 50.60279344
 50.80754875 50.80524153 50.60182252 50.80754875 51.00246615 51.00246615
 51.18640121 51.00246615 51.00246615 50.80754875 50.80754875 50.60279344
 50.60279344 50.38704017 50.16047811 49.92330989 49.92411386 49.67657548
 49.92411386 49.67636678 49.41805125 49.41805125 49.41805125 49.41803641
 49.67575219 49.92330989 49.67636678 49.92411386 49.67636678 49.67636678
 49.67636678 49.41807056 49.41807056 49.67657548 49.67636678 49.41807056
 49.41807056 49.41807056 49.41807056 49.14882058 49.14940101 48.87066516
 49.1504093  48.87313386 48.87313386 48.87313386 48.58649013 48.58649013
 48.58649013 48.58649013 48.87654415 48.87654415 48.87654415 48.58649013
 48.58649013 48.87654415 48.59228092 48.88099865 48.88099865 49.15398108
 49.15190708 49.41823526 49.15398108 49.15398108 49.15398108 49.15398108
 49.15398108 49.41823526 49.67346751 49.67346751 49.67346751 49.67346751
 49.9164115  50.15517882 50.15517882 50.15517882 50.1501497  49.909244
 49.65401175 49.5480019  49.55547067 49.58039987 49.30465484 48.98111084
 48.69105682 48.69105682 48.39749223 48.39749223 48.39495258 48.39188862
 48.39188862 48.1000597  48.1000597  48.09843683 47.83325227 47.83325227
 47.53178497 47.53178497 47.53178497 47.53178497 47.79594639 48.09843683
 48.09843683 48.09843683 47.79594639 47.79594639 47.77541701 47.45054731
 47.51125558 47.58557395 47.88806439 47.88806439 48.17970391 47.89114767
 47.58805749 47.27834473 47.59305328 47.59305328 47.59305328 47.59305328
 47.89633285 48.18297658 48.18297658 48.46331599 48.46769721 48.46331599
 48.73195139 48.98718364 48.98718364 48.98718364 48.73195139 48.46331599
 48.46769721 48.17413261 47.91572461 48.18089432 48.44276801 48.43838679
 48.16915613 48.16915613 48.16915613 48.16915613 48.43532283 48.43351057
 48.43351057 48.43351057 48.69201549 48.69201549 48.69201549 48.93897343
 48.93878404 48.69122635 48.69122635 48.69122635 48.69201549 48.93955386
 48.69361904 48.69361904 48.94056215 48.94056215 48.94056215 49.17595548
 49.17595548 49.17595548 49.17595548 49.17595548 48.94056215 48.91175668
 48.67539244 48.67539244 48.91074839 48.91074839 48.67378888 48.67299975
 48.67378888 48.42785406 48.67378888 48.42785406 48.42785406 48.4260418
 48.4332093  48.4332093  48.4332093  48.18727448 48.18727448 48.4332093
 48.4332093  48.4332093  48.66958838 48.66958838 48.4332093  48.45274731
 48.45274731 48.46188789 48.67765599 48.67765599 48.67765599 48.88399681
 48.67765599 48.67765599 48.46128814 48.67765599 48.46188789 48.67844513
 48.67844513 48.67765599 48.8841862  48.8841862  49.08066978 48.88476662
 48.88476662 48.88476662 48.88471449 48.8941163  48.8941163  49.07092202
 49.07092202 49.07092202 48.8941163  48.70727876 48.70727876 48.88471449
 48.88471449 48.68983446 48.48351296 48.68983446 48.48351296 48.68983446
 48.88572278 49.10157809 49.28551315 49.45830491 49.62483365 49.69707223
 49.8646241  49.8646241  50.1304084  50.28969606 50.47959911 50.32031144
 50.47038184 50.6088973  50.75069217 50.75069217 50.90326587 50.7647504
 50.7647504  50.7647504  50.7647504  50.60546273 50.43731112 50.43731112
 50.446339   50.61468001 50.61468001 50.77375897 50.9149796  50.9149796
 51.09119688 51.45490768 51.29642398 51.13730025 51.13730025 51.30483729
 51.30483729 51.30483729 51.13730025 51.29642398 51.44378921 51.44378921
 51.28471025 51.12829169 50.95069683 50.76383997 50.75270667 50.40011434
 50.20523431 50.20523431 50.00197678 50.00197678 50.20523431 50.39000416
 50.3783279  50.3783279  50.39926581 50.3861618  50.3861618  50.3861618
 50.56091808 50.74277914 50.53033413 50.51201731 50.35085356 50.35085356
 50.35085356 50.33540225 50.02254708 50.02254708 50.02254708 49.85173727
 49.66714309 49.66714309 49.85173727 49.8435467  49.83555291 49.65615496
 49.82803678 49.82803678 49.82131046 49.82131046 49.82131046 49.65372673
 49.82131046 49.97346532 50.12778245 50.12778245 50.12778245 50.1583664
 50.1583664  50.1583664  50.1583664  50.1757716  50.1757716  50.1757716
 50.1583664  50.1583664  50.00621155 50.1583664  50.1583664  50.1583664
 50.34905715 50.34905715 50.48059912 50.48059912 50.34905715 50.34905715
 50.20225369 50.34905715 50.20225369 50.34905715 50.48059912 50.71944056
 50.58789859 50.71786148 50.71786148 50.8590495  50.8590495  50.71786148
 50.71786148 50.56122011 50.74562205 50.77246757 50.92462243 50.77246757
 50.95535986 50.77246757 50.60539281 50.42348394 50.42348394 50.42348394
 50.17520217 49.97855345 50.21440509 50.47412528 50.47412528 50.25908532
 50.47412528 50.47412528 50.66144061 50.66144061 50.86030594 50.86030594
 50.68320413 50.68320413 50.68320413 50.49108174 50.68320413 50.68320413
 50.49108174 50.49108174 50.28403557 50.28403557 50.0539804  50.0539804
 49.81760375 50.04598662 49.81461395 49.57790369 49.32747763 49.32747763
 49.32747763 49.32747763 49.32747763 49.07459519 49.33630205 49.33630205
 49.33630205 49.33630205 49.33630205 49.33630205 49.58220179 49.3474683
 49.10900638 49.13119154 49.13119154 49.13119154 48.86736741 48.86736741
 48.86736741 48.89858872 48.89858872 48.89858872 48.89858872 48.66421248
 48.89858872 49.15733085 49.39927093 49.15733085 48.89858872 49.13119154
 49.13119154 49.13119154 49.37848302 49.37848302 49.13119154 49.43406571
 49.43406571 49.43406571 49.43406571 49.67252763 49.68135718 49.68135718
 49.43406571 49.45744133 49.71618346 49.45744133 49.44352977 49.1632802
 48.86672029 48.5814577  48.59523364 48.59523364 48.59523364 48.59523364
 48.89260548 48.56774914 48.6175807  48.95470597 49.27532274 49.27532274
 49.27532274 49.27532274 48.95470597 48.6175807  48.26408223 48.6175807
 48.6175807  48.6175807  48.26408223 48.6175807  48.6175807  48.95470597
 48.95470597 48.6175807  48.6175807  48.6175807  48.6175807  48.6175807
 48.93477383 48.93477383 48.93477383 48.95470597 49.25963017 49.25963017
 49.25963017 49.5681377  49.5681377  49.55931327 49.55931327 49.24656618
 49.24656618 49.24656618 49.24656618 49.24656618 49.55246665 49.23577308
 49.55246665 49.2098879  49.50943761 49.50559854 49.50559854 49.20104484
 49.20104484 49.20104484 49.19386551 48.86715836 48.86715836 49.18809603
 49.50285556 49.80280457 49.50559854 49.20104484 48.87736419 48.87736419
 48.88954751 48.88954751 49.2098879  49.20991467 49.20991467 49.20991467
 49.2098879  49.50943761 49.11488749 49.11488749 49.06527067 49.06527067
 48.76574773 48.78018765 48.76574773 48.76574773 48.78018765 48.4835789
 48.4835789  48.76574773 49.04189505 49.04189505 48.7301888  48.7301888
 48.99988945 48.71998297 48.99988945 48.71744332 48.98029952 48.98029952
 48.98029952 48.70896868 48.70896868 48.98029952 48.98029952 48.98029952
 48.70896868 48.42398115 48.43483168 48.70896868 48.42398115 48.42398115
 48.42398115 48.42398115 48.70201005 48.70201005 48.41498423 48.70201005
 48.97571678 48.97571678 48.97571678 48.70896868 48.98029952 48.98029952
 49.23781645 48.98029952 48.98029952 48.95537032 48.9611398  49.20469579
 49.20469579 48.9611398  48.95537032 48.95537032 49.20195281 49.20195281
 49.43475095 49.65362998 49.65362998 49.65362998 49.65362998 49.65362998
 49.65362998 49.43475095 49.43475095 49.18646918 48.95367104 48.95367104
 48.95367104 49.1837262  49.1837262  49.40594549 49.40534821 49.40534821
 49.40534821 49.40534821 49.36614529 49.15766372 49.36614529 49.15766372
 48.94262376 49.16150279 49.36633755 49.16150279 48.94262376 48.94262376
 49.16150279 49.16150279 49.16150279 49.36633755 49.3423152  49.3423152
 49.14769398 49.14769398 49.14769398 49.14769398 49.14769398 48.9392124
 48.72917643 48.72917643 48.51415846 48.74361635 48.74361635 48.95884855
 48.76062681 48.76062681 48.74361635 48.74361635 48.53481574 48.53481574
 48.29460002 48.27060247 48.27060247 48.04010958 48.04010958 48.27060247
 48.01308554 48.01308554 47.7417547  47.9895737  47.9895737  48.2497958
 48.23188083 48.22841514 48.22841514 48.24633012 47.97499927 47.97499927
 48.22841514 48.48863724 48.48863724 48.48863724 48.73521972 48.73521972
 48.48863724 48.48863724 48.48863724 48.48863724 48.48863724 48.48863724
 48.22841514 48.22841514 47.95470841 47.95724806 47.95724806 47.95724806
 48.24223559 48.26015056 48.20890123 47.91483894 48.17159535 48.44774267
 48.47111829 48.4582073  48.16543762 48.4582073  48.15015073 48.15015073
 48.13839349 47.84562381 47.5460741  47.84562381 47.81331041 47.81331041
 47.50181308 47.50181308 47.15587734 47.11952477 47.11952477 47.45540028
 47.45540028 47.45540028 47.45540028 47.09550371 47.45540028 47.45540028
 47.45540028 47.45540028 47.45540028 47.47772944 47.5340997  47.8658879
 47.8658879  47.8658879  47.57196183 47.86591468 48.17159535 47.86591468
 47.5460741  47.21224761 47.21224761 47.5460741  47.21224761 47.5460741
 47.21224761 47.21224761 47.21224761 47.15587734 46.79598077 46.79598077
 46.45327541 46.45327541 46.45327541 46.79598077 46.79598077 46.45327541
 46.06703314 45.66708313 45.25364865 45.25364865 45.66708313 45.29238641
 45.29238641 45.41166104 45.81161105 45.73751226 45.73751226 45.32467304
 45.32467304 45.10451398 45.05890806 44.63222499 44.59346791 44.59346791
 44.98742186 44.98742186 44.82671248 44.82671248 44.82671248 44.82671248
 44.82671248 44.82671248 44.80036936 45.2262633  45.61777822 45.61777822
 45.20492416 45.20492416 45.20492416 45.18904451 45.46961306 45.04620267
 45.04620267 45.17851717 45.26550518 44.85704717 44.85704717 44.85704717
 44.85704717 44.85704717 44.85704717 44.43792978 44.43792978 44.00848905
 44.00848905 44.00848905 44.00848905 43.56908095 44.00848905 44.00848905
 44.43792978 44.01185788 44.01185788 44.01185788 44.01185788 44.02198411
 44.02198411 44.02198411 44.02198411 44.03892719 43.61285133 43.59090427
 43.15134649 43.61285133 43.17889042 42.70375952 42.70375952 42.70375952
 42.24862125 42.24862125 42.24862125 42.73752081 42.73752081 42.78006277
 42.78006277 42.73752081 43.21456422 43.21456422 43.67944198 44.09370362
 44.50084642 44.50084642 44.92674036 45.3132513  45.3132513  45.71381589
 45.71381589 45.3132513  45.69187702 45.69187702 45.29191217 44.90039724
 44.90039724 44.50084642 44.92674036 44.53278641 44.53278641 44.92674036
 45.25320615 45.25320615 45.66684935 45.28593527 45.28593527 45.28593527
 45.66684935 45.66684935 46.06739462 46.45460781 46.48556203 46.13649134
 46.52139732 46.52139732 46.89202871 46.89202871 46.52139732 46.52139732
 46.89202871 47.24819508 47.21608999 46.85788533 47.217597   47.18967098
 47.54787564 47.87148222 47.81511196 47.47923645 47.47923645 47.47923645
 47.47923645 47.47923645 47.47923645 47.47923645 47.47923645 47.18967098
 47.54787564 47.54787564 47.54787564 47.54787564 47.54787564 47.18967098
 47.18816397 47.18816397 47.21608999 46.89202871 46.89202871 47.21608999
 47.21608999 47.21608999 47.55998743 47.55998743 47.5340997  47.5340997
 47.5340997  47.82162688 47.47772944 47.82162688 47.82162688 47.82162688
 48.15103919 48.46577194 48.48355212 48.48355212 48.5042094  48.5042094
 48.5042094  48.80895535 48.80895535 48.80895535 48.5042094  48.80895535
 49.09797081 48.80895535 48.82888748 48.82888748 48.55557251 48.82888748
 48.82888748 49.09797081 49.37112833 49.38229458 49.132382   49.39620613
 49.39620613 49.71618346 50.02733123 50.02733123 50.02733123 50.02733123
 50.02733123 50.02733123 50.27334552 50.5040048  50.5040048  50.7344977
 50.9602735  51.15251631 50.93749834 50.93749834 50.7344977  50.7344977
 50.41987176 50.41987176 50.62848785 50.84350581 50.84350581 50.84350581
 51.02516975 51.02516975 51.19056188 51.22480828 51.07685075 50.88742576
 51.04260435 51.04260435 51.04260435 51.22200231 51.22200231 51.39656634
 51.39656634 51.26125269 51.07685075 51.07685075 50.91579779 50.94355836
 51.14242368 51.11022676 50.94355836 51.11022676 51.11022676 50.91579779
 50.88742576 51.07685075 51.07685075 50.88742576 50.71615926 50.52887988
 50.24676213 50.4567981  50.24676213 50.24676213 50.24676213 50.4567981
 50.66144061 50.83346041 50.83346041 50.83346041 51.0222987  50.83346041
 50.66144061 50.58362929 50.60539281 50.60539281 50.77246757 50.60539281
 50.58362929 50.58362929 50.40652748 50.21440509 50.00735892 50.00735892
 49.76726773 49.76726773 49.76726773 49.76726773 49.97855345 49.97855345
 49.76726773 49.54145666 49.30508    49.54145666 49.30124093 49.05392983
 49.0467505  48.78833065 49.05392983 49.05392983 48.78833065 49.05392983
 49.30508    49.32300534 49.32300534 49.32300534 49.32300534 49.42901519
 49.42517612 49.42517612 49.42517612 49.42517612 49.42517612 49.66539185
 49.64746651 49.88403542 49.88827951 50.11409058 49.88827951 49.64746651
 49.88403542 49.88403542 49.88403542 50.1059     50.1059     50.1059
 50.31294617 50.31294617 50.31294617 50.1059     50.10248864 50.11162921
 50.11981979 49.91498503 49.91498503 49.91498503 49.696106   49.73652979
 49.73652979 49.51431051 49.51431051 49.73767871 49.94950055 49.9540183
 49.73916997 49.73916997 49.74082156 49.74247776 49.74247776 49.51049472
 49.74247776 49.74082156 49.51049472 49.51049472 49.74082156 49.74247776
 49.74247776 49.51011263 49.51049472 49.51049472 49.74082156 49.74082156
 49.95837506 50.16300986 50.15562661 49.9540183  50.15562661 50.1477686
 49.94501137 49.73652979 49.94501137 50.1477686  50.1477686  50.1477686
 50.5386719  50.71931961 50.5386719  50.52658942 50.70299757 50.70299757
 50.70299757 50.86504149 50.70299757 50.51415929 50.49434648 50.2980644
 50.11162921 50.11981979 50.11981979 49.91074093 50.11981979 50.11162921
 50.11162921 50.2980644  50.46994623 50.2980644  50.46994623 50.45261905
 50.2732211  50.0961193  50.0961193  49.9039969  49.69695073 49.9069867
 49.69570098 49.52608879 49.52608879 49.73737452 49.93402324 49.93402324
 49.9039969  49.9039969  49.7662529  49.94816177 49.94816177 49.76433364
 49.57650934 49.57650934 49.57221125 49.76433364 49.57650934 49.57650934
 49.57650934 49.55697133 49.35503887 49.35503887 49.34387262 49.34387262
 49.04733949 49.25614009 49.46318626 49.46318626 49.46318626 49.46318626
 49.67103673 49.86315912 49.87067525 49.87067525 49.67402653 49.87067525
 50.05258412 50.05258412 50.21965888 50.04026093 50.04026093 50.04026093
 50.04026093 50.04026093 49.86315912 50.04026093 50.21965888 49.96474576
 49.79286393 49.84228038 49.79286393 49.79286393 49.97726587 49.97726587
 49.75881455 49.75881455 49.92085847 50.08577645 50.08577645 50.08577645
 49.99739762 49.85445114 49.84193103 49.84193103 49.7789463  49.7789463
 49.79146641 49.9421155  49.9421155  49.75460735 49.60395826 49.60395826
 49.60395826 49.4522459  49.4522459  49.60395826 49.79146641 49.99739762
 49.99739762 50.12628318 49.99739762 49.99739762 49.99739762 50.22391587
 50.22391587 50.34771943 50.34771943 50.20150669 50.20150669 50.20150669
 50.31995886 50.42374225 50.29158683 50.2629373  50.38949585 50.47242675
 50.35471796 50.2629373  50.2629373  50.15597494 50.15597494 49.92894773
 50.03591009 50.03591009 49.85670915 49.85670915 49.85670915 49.85670915
 49.87326695 49.87326695 49.75481478 49.75481478 49.75481478 49.58172202
 49.53243283 49.53243283 49.53915915 49.53915915 49.53915915 49.3770631
 49.23884414 49.23884414 49.21044072 49.0679822  49.0679822  48.91232336
 48.90348031 48.731383   48.90348031 48.90348031 49.06278597 49.08193555
 49.08193555 49.08193555 49.08193555 49.08193555 48.92202155 48.92202155
 48.92202155 48.74361845 48.58092295 48.76266631 48.76266631 48.58092295
 48.58092295 48.76266631 48.76266631 48.76266631 48.76266631 48.59870313
 48.76266631 48.74361845 48.55203718 48.34740237 48.12984888 48.3294874
 48.53682737 48.55203718 48.55311014 48.53790033 48.74253513 48.9341164
 49.10868043 49.10868043 48.9341164  48.74253513 48.74253513 48.92693707
 49.10868043 49.27743748 49.43734042 49.43734042 49.43734042 49.59188141
 49.66411999 49.66411999 49.66411999 49.82202981 49.9737518  50.11900452
 49.9737518  49.98685581 49.83275333 49.83275333 49.81439656 49.67005783
 49.67005783 49.81439656 49.67005783 49.67005783 49.67005783 49.82416031
 49.81439656 49.81439656 49.80471593 49.66922696 49.51750497 49.61513765
 49.61513765 49.76852973 50.05533261 49.90194054 49.73191136 49.73191136
 50.05100087 50.05100087 49.87587706 49.87587706 50.05100087 49.91892324
 49.87587706 49.87587706 49.68840204 49.48871322 49.64199038 49.8393033
 49.8393033  49.8393033  49.8393033  50.01176255 50.19653241 50.19653241
 50.01176255 50.19653241 50.19653241 50.01176255 50.01770715 49.81801833
 49.60473376 49.38276608 49.43189242 49.64517699 49.84989493 49.64647591
 49.43173094 49.43169357 49.43169357 49.64647591 49.43169357 49.43173094
 49.20673506 49.20673506 49.20673506 48.97037081 48.7258964  48.46760019
 48.46760019 48.46760019 48.46760019 48.46760019 48.19816082 48.09525714
 47.80361761 47.80361761 47.69708247 47.69708247 47.38297366 47.38297366
 47.06147688 46.73663396 47.06150366 47.37121642 47.36975601 47.29301765
 47.58557395 47.59448495 47.33032353 47.33178394 47.62034018 47.8591075
 48.13886648 47.8591075  47.83325227 47.83325227 47.53178497 47.8342754
 47.53178497 47.83325227 47.83325227 48.12429205 47.83325227 47.83325227
 47.83325227 47.8342754  48.12591493 48.12591493 48.16588346 48.16588346
 48.16588346 48.43351057 48.67330101 48.67330101 48.67330101 48.67330101
 48.67330101 48.40405104 48.67330101 48.93180594 48.93180594 49.17934431
 48.93955386 48.93955386 49.17591811 49.40091398 49.61436004 49.39961506
 49.17595548 48.94056215 48.94056215 48.72620462 48.72620462 48.72373592
 48.47926151 48.2209653  48.2209653  48.47926151 48.47926151 48.22594178
 47.95671112 47.676163   47.39189977 47.39189977 47.09905138 46.79795345
 46.79795345 46.4889634  46.15052321 45.82191264 45.8488555  45.51857686
 45.88158462 45.88158462 46.23211474 46.23211474 46.23211474 46.23211474
 46.23211474 46.23211474 46.56994035 46.56994035 46.56994035 46.27025724
 46.23211474 46.56994035 46.78579566 47.10936643 47.10936643 47.39153527
 47.69001174 47.39153527 47.10936643 47.10936643 47.41946129 47.41946129
 47.24077756 47.50511066 47.79009819 47.79009819 47.50511066 47.41946129
 47.71589948 47.99851111 48.26713679 48.26713679 48.06142903 47.79009819
 47.53721575 47.27975081 47.24077756 47.27975081 46.97169424 47.27975081
 47.27975081 46.97169424 46.97169424 47.0206185  46.75908754 47.0206185
 47.0206185  47.0206185  46.92335075 46.96987636 47.02229969 47.3252752
 47.61360584 47.46665238 47.46665238 47.17832174 47.17832174 47.17832174
 47.46665238 47.41092457 47.41092457 47.64111288 47.64111288 47.86829401
 47.86829401 47.86829401 48.12278444 48.12278444 48.12278444 48.33547474
 48.54427534 48.54427534 48.58469913 48.58469913 48.79318071 48.79318071
 48.98780194 49.03721838 48.83238362 48.63416188 48.65804049 48.70466198
 48.70466198 48.98550253 49.09151238 48.84400903 48.71217922 48.4849981
 48.4849981  48.4849981  48.7436102  48.95968258 48.95968258 48.98716708
 48.98716708 48.95968258 48.71217922 48.71217922 48.95968258 49.19230501
 49.39423746 49.38117348 49.38117348 49.38117348 49.53293542 49.19430314
 49.40558887 49.41441329 49.13357273 49.11788015 48.96611822 49.1670065
 49.35344169 49.35344169 49.1670065  49.03277045 48.95495913 48.93794867
 48.88150996 48.88150996 48.88150996 48.67302839 48.4508091  48.4508091
 48.67302839 48.88150996 49.07613119 49.03721838 48.83238362 48.83238362
 49.03721838 49.03721838 49.03721838 49.02642528 49.02642528 49.06533809
 49.24473604 49.24473604 49.41949233 49.58441031 49.73612267 49.73612267
 49.87434162 49.99898091 50.1317269  50.23406633 50.1317269  50.1317269
 50.01593737 49.87434162 49.73612267 49.87434162 50.03429414 50.03429414
 50.03429414 49.89607518 49.89607518 49.89607518 49.89607518 50.05061618
 49.89607518 49.89607518 49.65598399 49.50032515 49.50032515 49.33097082
 49.15256772 49.15256772 49.15256772 49.15256772 48.96098645 49.15256772
 49.33102295 49.14662102 49.14278195 48.94835297 48.94835297 48.94835297
 48.73653113 48.50787399 48.27992304 48.27992304 48.48833597 48.48833597
 48.71358175 48.71358175 48.50354578 48.26772113 48.48833597 48.27992304
 48.494963   48.494963   48.71251649 48.94117364 48.96098645 48.76655747
 48.76655747 48.76655747 48.96816578 48.76655747 48.55170914 48.32375819
 48.0828525  48.27275554 48.27275554 48.51128535 48.7263253  48.7263253
 48.7263253  48.51128535 48.73653113 48.52649516 48.56691895 48.36247984
 48.36247984 48.36247984 48.36247984 48.36247984 48.36247984 48.38647739
 48.38647739 48.60535641 48.78016483 48.78016483 48.56493262 48.56493262
 48.54427534 48.54427534 48.54427534 48.76315437 48.54427534 48.54427534
 48.33547474 48.18454493 48.41400282 48.41400282 48.36300017 48.36300017
 48.36300017 48.36300017 48.36300017 48.21962273 48.22679023 47.99733234
 48.22679023 48.26649482 48.3260186  48.1107864  47.96895706 47.76627579
 47.76627579 47.58920545 47.34262297 47.58920545 47.53045114 47.68644074
 47.55165795 47.50513234 47.73887054 47.78302026 47.66851541 47.40829331
 47.3617677  47.3617677  47.487207   47.3617677  47.62090001 47.53026693
 47.74633931 47.99562695 47.74633931 47.73887054 47.940803   48.04881688
 47.94018803 47.70782291 47.46318701 47.67198762 47.67198762 47.46318701
 47.20645699 47.42601543 47.42601543 47.20645699 47.46318701 47.57554605
 47.61655759 47.81849004 47.57554605 47.57554605 47.32015232 47.32015232
 47.05248785 46.7727437  46.52672941 46.22365855 46.22365855 46.22365855
 46.52672941 46.52672941 46.52672941 46.52672941 46.27681684 46.27681684
 45.9621276  46.27681684 45.9621276  45.9621276  46.16155532 45.90829797
 46.22298721 46.22298721 46.3861064  46.62774537 46.86620729 46.86620729
 47.14595143 47.14595143 47.36957618 47.58913462 47.83510681 47.58913462
 47.55720948 47.55720948 47.33143367 47.33143367 47.55720948 47.80415259
 47.95009302 48.21732934 48.44232521 48.44232521 48.42197184 48.63675419
 48.42197184 48.42197184 48.42197184 48.42197184 48.21732934 48.0713889
 47.85077407 47.85077407 47.59307312 47.59307312 47.66879537 47.66879537
 47.66879537 47.92649632 47.66879537 47.66879537 47.66879537 47.92649632
 48.15211514 48.15211514 48.38750846 48.38750846 48.30678223 48.0713889
 47.82444579 47.82444579 47.56614958 47.56614958 47.64687581 47.64687581
 47.64687581 47.80252624 47.80252624 48.0325814  48.25594961 48.24551842
 48.24551842 48.00853959 47.76158165 48.00176305 48.00176305 48.00176305
 47.76158165 47.76158165 47.76158165 47.75582823 47.75582823 47.75582823
 47.75582823 47.85349754 47.85349754 48.09943236 48.04223201 48.04223201
 47.80687606 48.04223201 47.80687606 47.92053402 47.96715551 47.96715551
 47.71046285 47.44429615 47.57017782 47.83634451 47.71090521 48.03574814
 48.03574814 48.03574814 48.03574814 47.75701228 47.75847269 47.75847269
 47.62676231 47.32866793 47.01558225 47.01366973 47.01366973 47.01366973
 47.01558225 47.32866793 47.19141441 47.19141441 47.18804149 47.18804149
 46.86654472 46.5311878  46.5311878  46.8924299  46.89818332 46.74418892
 46.59881137 46.96102999 46.96102999 46.60845342 46.96102999 47.31157943
 47.65020901 47.65020901 47.65020901 47.65020901 47.31157943 46.96102999
 46.95425344 46.95425344 46.95425344 46.95425344 47.08736207 47.42080646
 47.74669929 47.74669929 47.74669929 47.74669929 48.06140785 48.36141475
 48.05832457 48.35979188 48.6514314  48.28710602 48.37090971 48.37090971
 48.64015969 48.37090971 48.63955994 48.89787547 49.0946199  49.0946199
 49.0946199  49.09520033 49.31202656 49.05432561 48.78509495 48.78509495
 48.78669851 49.0553339  48.83850767 48.83850767 48.57234098 48.83850767
 48.83690412 48.83690412 48.83690412 49.0946199  48.89787547 48.72102017
 48.64015969 48.64015969 48.37253258 48.64197195 48.37253258 48.37253258
 48.37253258 48.37253258 48.46432752 48.46432752 48.46432752 48.46432752
 48.46432752 48.72102017 48.96797812 48.96876725 48.96876725 49.20514634
 49.20514634 48.96876725 48.96876725 48.96876725 48.96876725 48.72283244
 48.46432752 48.46432752 48.46432752 48.19816082 48.09525714 48.37580525
 48.37580525 48.37580525 48.46760019 48.39944992 48.39944992 48.6469883
 48.88335254 48.82382876 48.53464538 48.53464538 48.53026416 48.28272579
 48.27945312 48.5272002  48.76255615 48.76176702 48.76176702 48.76176702
 48.98853779 48.98853779 48.98853779 48.76176702 48.9883484  48.9883484
 48.93893196 48.93893196 48.93893196 48.93893196 49.20490565 49.20490565
 49.20490565 49.20490565 49.41122714 49.20488633 49.41122714 49.41122714
 49.41122714 49.60711546 49.41122714 49.20488633 49.41061256 49.4096268
 49.20487149 49.41061256 49.41061256 49.41061256 49.4096268  49.20487149
 49.41061256 49.41061256 49.60711546 49.60791944 49.60791944 49.60791944
 49.60711546 49.41061256 49.41061256 49.41061256 49.20488633 49.18507352
 49.18507352 49.40144137 49.60797157 49.40144137 49.18507352 49.40144137
 49.40144137 49.40082679 49.40082679 49.6071676  49.60797157 49.40144137
 49.40144137 49.40165008 49.60797157 49.60797157 49.8038599  49.98913125
 49.8038599  49.80445516 49.99069743 49.8038599  49.8247978  49.8247978
 49.61907157 49.61907157 49.82539306 50.02128139 50.02128139 49.8247978
 50.0197152  50.01660402 49.8230229  49.91086127 50.14832967 50.35485987
 50.35485987 50.54674907 50.35005677 50.14371596 50.14371596 50.34340478
 50.14371596 49.92794785 49.70298934 49.70298934 49.92794785 49.92794785
 49.70298934 49.4690938  49.4873204  49.23400067 49.23400067 48.96936439
 48.70650189 48.70650189 48.97075608 48.97075608 49.23361858 49.52471447
 49.7784163  49.7784163  49.7784163  49.52318405 49.52318405 49.52471447
 49.52471447 49.7784163  49.84656656 50.0982301  50.34416492 50.25467795
 50.25467795 50.2607302  50.02836507 49.78140713 49.7784163  49.7784163
 49.7784163  49.73179481 49.73179481 49.96212165 50.17967515 50.38430995
 50.58902789 50.39442012 50.40284827 50.60016119 50.60016119 50.58902789
 50.58902789 50.78493105 50.78493105 50.78493105 50.77077125 50.75429432
 50.73563098 50.73563098 51.05901349 50.79631248 50.6215562  50.81497582
 50.63657272 50.43331519 50.23170688 50.23170688 50.43331519 50.63657272
 50.43331519 50.6215562  50.81497582 50.98008605 50.81497582 50.81497582
 51.15755458 51.13494476 51.13494476 51.13494476 51.15755458 51.34278856
 51.49450092 51.31871833 51.08141142 51.08141142 50.92024767 50.88966371
 51.06398589 51.06398589 51.2064444  51.33561002 51.17959503 51.15013184
 51.30423432 51.33561002 51.33561002 51.48423566 51.2893035  51.39644999
 51.39644999 51.49035638 51.39644999 51.4292861  51.52799955 51.28862691
 51.25098373 51.25098373 51.32358553 51.25529787 51.25529787 51.25529787
 51.25529787 51.29802304 51.22812172 51.29802304 51.29802304 51.29802304
 51.29802304 51.19047855 51.25529787 51.29802304 51.17735994 51.17735994
 51.10265156 51.01563437 50.98732458 50.98732458 50.86545513 50.86545513
 50.98732458 50.98732458 50.8923045  51.01563437 51.01563437 50.8923045
 50.98732458 51.06981545 50.95594887 50.95594887 50.86545513 50.86545513
 50.76221535 50.64630297 50.76221535 50.86545513 50.86545513 50.86545513
 50.86545513 50.75157711 50.84659718 50.83458209 50.8051189  50.8051189
 50.58782048 50.65016342 50.65016342 50.70009393 50.65777078 50.65777078
 50.65777078 50.68963591 50.70876414 50.70876414 50.70876414 50.70876414
 50.77041147 50.77041147 50.70033578 50.63868845 50.58459687 50.53701823
 50.58459687 50.58459687 50.58459687 50.58459687 50.58459687 50.51102747
 50.53701823 50.51102747 50.51102747 50.51102747 50.23435082 50.2553531
 50.2884424  50.19510044 50.26034158 50.27334146 50.27334146 50.32315654
 50.32953415 50.5500181  50.5500181  50.5500181  50.53701823 50.53701823
 50.53701823 50.53701823 50.46734074 50.46734074 50.46734074 50.43425144
 50.46734074 50.421962   50.44296428 50.47032023 50.4086729  50.4086729
 50.4086729  50.44296428 50.39621192 50.42356787 50.49823401 50.42356787
 50.49823401 50.57057369 50.57743622 50.57743622 50.52878876 50.47041015
 50.47041015 50.47041015 50.41017299 50.39621192 50.41017299 50.41017299
 50.41017299 50.41017299 50.46354762 50.44296428 50.39621192 50.32714265
 50.29167049 50.29167049 50.30368559 50.38809571 50.38809571 50.45821117
 50.41043341 50.36201048 50.36201048 50.41043341 50.41043341 50.19657173
 50.15501132 50.0836867  49.93485226 49.90084984 49.94382914 49.90605642
 49.85320147 49.78529121 49.78529121 49.7730472  49.69649391 49.88858299
 49.80317993 49.80317993 49.80317993 49.81248335 49.81248335 49.81248335
 49.81248335 49.81248335 49.81248335 49.81248335 49.81248335 49.70239551
 49.81834976 49.91918376 49.81834976 49.81248335 49.93534318 49.93534318
 49.93534318 49.93534318 49.94758718 49.94758718 49.91918376 49.81248335
 49.80927549 49.70556524 49.70556524 49.5990407  49.71220234 49.80929032
 49.71215277 49.71215277 49.79998689 49.71215277 49.71215277 49.79998689
 49.79998689 49.79998689 49.71215277 49.60844252 49.59542782 49.60844252
 49.60844252 49.5990407  49.586026   49.71209369 49.71183173 49.57059158
 49.81159315 49.66478969 49.66478969 49.50279693 49.32569513 49.49643774
 49.49643774 49.31452888 49.11788015 49.11788015 49.30570445 49.49213964
 49.30570445 49.49213964 49.49213964 49.47232683 49.46318626 49.25614009
 49.25614009 49.26496452 49.46748436 49.65479969 49.83241046 49.83241046
 49.65530866 49.65530866 49.65530866 49.46318626 49.55267323 49.55267323
 49.55267323 49.54550573 49.54980383 49.32594729 49.32594729 49.10232254
 48.85189648 48.85189648 48.85189648 48.63719939 48.63719939 48.63719939
 48.39873747 48.39873747 48.39873747 48.39873747 48.63719939 48.89186501
 48.89186501 48.87193288 48.87193288 49.11548975 49.11548975 49.10242577
 49.10242577 48.85492242 48.8404825  49.09163267 48.85492242 49.10242577
 48.87193288 48.7001173  48.7001173  48.67623869 48.87193288 48.85492242
 49.09163267 48.8404825  48.8404825  49.08278962 49.08278962 49.08278962
 49.08278962 48.82829918 48.63780123 48.63780123 48.36917555 48.63780123
 48.89229166 49.13250739 49.35312222 49.13250739 49.35831846 49.13250739
 49.13250739 48.89229166 48.89229166 48.89229166 49.12366434 49.46605084
 49.22249485 49.22249485 49.62038524 49.3658948  49.62038524 49.62038524
 49.86060096 50.08641203 50.08641203 49.86060096 49.86060096 49.86060096
 49.86060096 49.86060096 49.62038524 49.86060096 49.91160361 49.91160361
 49.91160361 49.91179586 49.91179586 49.91179586 50.12308159 50.12308159
 49.91304562 49.69118103 49.91179586 49.6859848  49.6859848  49.91179586
 50.12308159 50.12308159 50.12009179 50.12009179 50.079668   50.28218784
 50.28218784 50.31221418 50.35112699 50.35112699 50.16921813 50.16921813
 50.31973031 50.31973031 50.12308159 50.31973031 50.35864312 50.35864312
 50.53052495 50.70508898 50.47929591 50.49677222 50.47944505 50.47944505
 50.49677222 50.49677222 50.34130564 50.32898245 50.17466531 50.30205474
 50.13809156 50.13809156 50.29024641 50.44456354 50.57226956 50.42740382
 50.42740382 50.42740382 50.42740382 50.42740382 50.41084602 50.30623176
 50.30623176 50.21212053 50.33982655 50.33982655 50.33982655 50.33982655
 50.20804632 50.20804632 50.20804632 50.21212053 50.07088891 50.07088891
 50.20804632 50.20804632 50.3301369  50.43709926 50.43709926 50.5505723
 50.45266327 50.45266327 50.33982655 50.37901322 50.37901322 50.37901322
 50.42283066 50.51776428 50.62061268 50.59428803 50.59428803 50.49935441
 50.6170632  50.70335379 50.70335379 50.6170632  50.49935441 50.38995557
 50.26615201 50.12750363 50.12750363 49.97991282 49.91237486 49.75165929
 49.74049304 49.58250847 49.58250847 49.40610032 49.28597533 49.01748926
 49.17523508 49.05326147 49.04246836 48.87850518 48.87850518 48.89551564
 48.91544778 49.08201802 49.23441589 49.10073664 49.10073664 48.93869272
 49.10073664 49.10073664 49.22139974 49.22139974 49.22139974 49.22139974
 49.20748818 49.20748818 49.06416288 49.22139974 49.20748818 49.20748818
 49.20748818 49.20748818 49.04544427 49.06416288 49.08634804 49.11248734
 49.25929081 49.25929081 49.25929081 49.37566031 49.2385029  49.36390854
 49.22139974 49.22139974 49.36390854 49.30092381 49.30092381 49.30092381
 49.30092381 49.30092381 49.41589783 49.29209426 49.29214384 49.29214384
 49.29214384 49.28578465 49.42392407 49.42392407 49.28578465 49.28578465
 49.28578465 49.42443303 49.28578465 49.28578465 49.28148655 49.28148655
 49.27887949 49.27887949 49.27762973 49.4293421  49.4293421  49.43309632
 49.43734042 49.45649    49.48707395 49.65218418 49.65218418 49.48707395
 49.48707395 49.30867085 49.48707395 49.49156313 49.53545042 49.53996817
 49.34536041 49.13923435 49.36789149 49.623434   49.40858566 49.40858566
 49.15304316 49.36938275 49.36938275 49.37103434 49.5824064  49.37103434
 49.57837431 49.57837431 49.347012   49.34536041 49.347012   49.347012
 49.347012   49.347012   49.347012   49.54835702 49.3486682  49.5824064
 49.5824064  49.5824064  49.58597511 49.78566393 49.97313895 50.14826276
 50.32404535 50.15837293 49.98054396 49.97313895 50.14826276 50.32404535
 50.0953882  50.25180677 50.26294007 50.10381634 50.26294007 50.0953882
 50.0953882  50.25180677 50.25180677 50.49159722 50.50333027 50.6506955
 50.75738152 50.76930395 50.60096295 50.60096295 50.75738152 50.75738152
 50.5892299  50.5892299  50.75738152 50.6506955  50.8011334  50.8011334
 50.8011334  50.94271956 51.06113246 51.16798539 51.26318862 51.26318862
 51.14625808 51.28708964 51.15372782 51.28708964 51.44809638 51.77454286
 51.6329567  51.84703356 51.60645398 51.60645398 51.62838999 51.64647048
 51.50213175 51.29642398 51.29642398 51.45490768 51.30483729 51.09961018
 50.9471639  51.10467667 50.9501921  51.10467667 51.10467667 50.9501921
 50.9471639  50.78362599 50.9471639  50.78362599 50.77962687 50.75122344
 50.75122344 50.90366973 51.05330366 50.90970714 50.75522256 50.75655885
 50.75655885 50.91273533 50.91273533 50.75522256 50.75522256 50.75522256
 50.90970714 50.90970714 50.75522256 50.95139633 50.95139633 50.77691266
 50.95139633 51.11493424 50.9473972  50.93809378 51.09054006 51.23176069
 51.36163312 51.22004696 51.23176069 51.09054006 51.23176069 51.37275159
 51.34599488 51.33487641 51.33487641 51.33487641 51.32013619 51.32013619
 51.30184699 51.30184699 51.16867456 51.04516888 51.16867456 51.02766882
 51.02766882 51.02766882 51.16867456 51.04516888 51.16867456 51.30184699
 51.28010037 51.28010037 51.15803631 51.13688943 51.13688943 51.00533987
 51.11281921 51.20783928 51.23614907 51.11281921 51.11281921 51.00954736
 51.00533987 50.86681767 50.86681767 50.86681767 50.72156496 50.72156496
 50.73831578 50.73831578 50.72302818 50.57297638 50.40056671 50.57297638
 50.72302818 50.73831578 50.75959935 50.61434663 50.61434663 50.5171656
 50.5171656  50.62745064 50.5171656  50.5171656  50.37282687 50.2164083
 50.04637913 50.21205154 50.36544362 50.21205154 50.21205154 50.04488787
 50.14992692 50.15428367 49.97480311 49.97480311 49.97480311 50.14992692
 50.31257284 50.14992692 50.14992692 50.14540917 50.14091998 50.04373895
 50.20304461 50.19880051 50.3494496  50.48285478 50.3494496  50.3494496
 50.3494496  50.20304461 50.19880051 50.28838825 50.28838825 50.4266072
 50.2213801  50.20885999 50.0842207  49.94600174 49.79428938 49.79428938
 49.94600174 50.09221448 50.09221448 50.0842207  50.2213801  50.20885999
 50.33716963 50.43950906 50.24200821 50.24200821 50.1223416  50.10493641
 50.11757694 50.10493641 50.10493641 50.00851119 50.11757694 50.30243726
 50.41709988 50.30243726 50.30243726 50.30243726 50.30243726 50.30243726
 50.1965368  50.23150447 50.23150447 50.3461671  50.24382766 50.20885999
 50.20885999 50.20885999 50.1965368  50.1965368  50.1965368  50.1965368
 50.07670457 50.07670457 49.94301194 50.07670457 50.20885999 50.1965368
 50.12052201 49.99588272 50.05231589 50.05231589 50.05231589 50.16810541
 50.05231589 50.05231589 49.8760986  49.94430473 49.94430473 49.8285152
 49.69934958 49.69934958 49.70195665 49.75838982 49.6292242  49.6292242
 49.56373769 49.41202533 49.41202533 49.56373769 49.56373769 49.41202533
 49.40123223 49.40123223 49.55689107 49.55689107 49.55169484 49.55169484
 49.40123223 49.47597259 49.48676569 49.6292242  49.48676569 49.49982967
 49.49982967 49.49982967 49.42508931 49.34811731 49.49982967 49.49982967
 49.34811731 49.18300707 49.13759392 49.13759392 49.30270415 49.20688569
 49.20688569 49.34811731 49.49982967 49.51552225 49.51552225 49.38949469
 49.4082133  49.52804553 49.52804553 49.63394599 49.63394599 49.54514869
 49.49845835 49.49845835 49.54514869 49.63394599 49.63394599 49.58636259
 49.68691166 49.59811436 49.55429692 49.43584474 49.55429692 49.6580803
 49.74687761 49.74687761 49.65194398 49.68691166 49.58636259 49.58636259
 49.48871552 49.39105126 49.48871552 49.48871552 49.48871552 49.48871552
 49.43039846 49.52804553 49.52804553 49.30152728 49.17688799 49.11140149
 48.96392868 48.96392868 48.7849897  48.7849897  48.93246251 48.93246251
 48.93246251 49.06615513 48.93246251 48.7849897  48.82554439 48.82554439
 48.99544723 48.99544723 48.99544723 48.99544723 49.11140149 49.03916291
 49.03916291 49.06615513 49.18598736 49.06615513 49.09737644 48.96849087
 49.00955714 48.87141772 49.07254187 49.16961502 49.16961502 49.13839371
 49.07626908 49.2144085  49.07626908 49.01837717 49.01837717 49.01837717
 48.89236162 49.04959848 49.04959848 49.04959848 49.04959848 49.19210728
 49.29902539 49.26543061 49.1229218  48.99690625 48.99690625 48.99690625
 48.99690625 48.96568494 48.93869272 49.10073664 49.24832745 49.26543061
 49.39313663 49.39313663 49.50597335 49.49983703 49.39313663 49.38138486
 49.36390854 49.36390854 49.49166414 49.49166414 49.49166414 49.35450673
 49.49166414 49.35450673 49.42378812 49.26179536 49.08469355 49.08469355
 49.03527711 49.20235187 49.03527711 49.17865455 49.17865455 49.0154643
 49.1925661  49.1925661  49.1925661  49.1925661  49.0154643  49.0154643
 48.85033413 48.85033413 48.8233419  49.0154643  49.03764946 49.20966926
 49.36631063 49.52230023 49.35455886 49.35455886 49.35455886 49.1925661
 49.1925661  49.15851672 49.15846458 49.15851672 49.15851672 49.30184202
 49.44435083 49.57205685 49.73418277 49.73418277 49.6120922  49.6120922
 49.6120922  49.60995491 49.44782899 49.44782899 49.44782899 49.50136232
 49.49788417 49.34572931 49.49788417 49.49788417 49.49788417 49.49788417
 49.66562553 49.70951282 49.70951282 49.55634961 49.52230023 49.66562553
 49.51882207 49.66562553 49.7971675  49.91338371 49.91338371 49.91338371
 49.8992437  49.7491205  49.8499545  49.8992437  49.99370009 50.09962077
 50.09962077 50.09962077 50.09962077 50.16955179 50.03242847 49.95587518
 50.01421771 49.99370009 50.09962077 50.28508758 50.28508758 50.38971085
 50.31387552 50.25258753 50.39651819 50.39651819 50.31111513 50.43145633
 50.28752566 50.20459477 50.20459477 50.20459477 50.2332443  50.12946091
 50.12946091 50.01100874 50.01100874 50.12946091 49.99384902 50.09147315
 49.96376713 49.97557546 49.82798465 49.97557546 49.72066233 49.72066233
 49.56826446 49.56826446 49.56826446 49.5663452  49.71393601 49.70834504
 49.70834504 49.56583624 49.56583624 49.71393601 49.57523805 49.59271437
 49.49508169 49.49559065 49.61542288 49.49559065 49.49559065 49.49750991
 49.36189802 49.49750991 49.49750991 49.49750991 49.51279751 49.63610317
 49.51578731 49.41376523 49.28720667 49.28720667 49.14474816 48.98908932
 48.82033227 48.59470162 48.38899386 48.41601789 48.58811521 48.58811521
 48.56896563 48.71901744 48.62183641 48.76283488 48.76283488 48.76283488
 48.7421776  48.7421776  48.85988639 48.85988639 48.85988639 48.98339206
 49.03834162 49.02949857 49.15300425 49.15820048 49.15820048 49.26567981
 49.26567981 49.26567981 49.26567981 49.15820048 49.26443006 49.36744392
 49.46689125 49.46689125 49.36744392 49.26423781 49.26483509 49.26483509
 49.26598401 49.14642219 49.06514799 48.93527556 49.06327042 49.06327042
 48.93069282 49.11700607 49.0957225  49.23859472 49.23859472 49.0957225
 48.90581945 48.75133488 48.57680163 48.57680163 48.57680163 48.73297811
 48.73297811 48.57680163 48.71769051 48.55246069 48.71769051 48.71769051
 48.71769051 48.71769051 48.55246069 48.54666991 48.54666991 48.54666991
 48.36987903 48.54228869 48.36490255 48.36490255 48.33797484 48.14646773
 48.33797484 48.1778563  48.1778563  48.03404562 47.90568042 47.71080039
 47.71080039 47.71080039 47.71080039 47.90568042 47.90568042 47.75074707
 47.93260813 48.10693031 47.93260813 47.74737415 47.67983619 47.73252842
 47.73252842 47.73252842 47.54102131 47.33776378 47.53910879 47.54102131
 47.68320911 47.87471622 47.87471622 47.67983619 47.67983619 47.47849117
 47.405934   47.405934   47.405934   47.405934   47.18672891 47.26949961
 47.27811853 47.36552144 47.36552144 47.15077646 47.15077646 47.26949961
 47.48424459 47.27811853 47.27811853 47.05316002 47.20284738 47.20284738
 47.20284738 47.20284738 47.20284738 46.96895183 46.96895183 46.96895183
 47.19855437 47.42013995 47.42013995 47.42205247 47.56424027 47.71917362
 47.67004728 47.51511393 47.51174101 47.73669952 47.73669952 47.73669952
 47.73669952 47.73669952 47.73669952 47.94998409 47.89354538 47.67004728
 47.89602892 48.07348396 48.28676853 48.07040068 48.07040068 48.28514566
 48.28514566 48.26533284 48.30531861 48.07933698 47.84398102 47.84398102
 48.08377147 47.84398102 48.02083632 48.02083632 48.25781515 48.26695572
 48.26695572 48.26695572 48.04345762 48.04345762 48.04345762 47.80647879
 47.80647879 47.80647879 47.55952084 47.55952084 47.55952084 47.30282819
 47.03666149 47.03666149 47.30282819 47.55952084 47.30620111 47.04432742
 46.77421049 46.77421049 46.77421049 46.77421049 46.49618159 46.48419384
 46.19471428 46.49618159 46.70001178 46.70001178 46.41053222 46.41053222
 46.41053222 46.11332619 46.41053222 46.41053222 46.39854447 46.39854447
 46.63731179 46.63731179 46.58838753 46.90249634 47.19534473 47.18856818
 47.47960796 47.75497089 47.47521191 47.47521191 47.47521191 47.47521191
 47.18856818 47.18856818 47.47960796 47.19534473 47.47960796 47.47960796
 47.75497089 47.47960796 47.47960796 47.75996669 48.02422087 48.02422087
 47.75996669 47.95671112 47.95152593 47.88860802 48.1291876  48.1291876
 47.83735869 47.8000528  47.48534424 47.48534424 47.15945141 47.18784629
 47.19224235 46.86117844 46.86117844 46.95922844 47.28572102 47.60481052
 47.60481052 47.27831795 47.60481052 47.60481052 47.28569424 46.94725405
 46.59730435 46.59730435 46.94725405 47.28569424 47.60481052 47.91970847
 47.89633285 48.18795306 48.18795306 48.18795306 48.46769721 48.42772867
 48.13670373 48.40187344 48.40187344 48.40187344 48.40187344 48.10615956
 47.79206558 47.79206558 47.79206558 48.09939785 48.10615956 48.10615956
 48.40766423 48.69192746 48.69192746 48.69192746 48.69192746 48.40187344
 48.40187344 48.10615956 48.40766423 48.40766423 48.40766423 48.11481584
 48.41498423 48.69892161 48.7045497  48.7045497  48.7045497  48.41507014
 48.41507014 48.11786411 48.42592068 48.13315099 48.13315099 48.43883167
 48.42592068 48.42592068 48.43883167 48.7301888  49.00706878 48.74237211
 49.01591183 49.01591183 49.0507381  49.0507381  49.0507381  48.74237211
 48.74237211 49.0507381  49.0507381  49.04189505 49.03471572 49.38428156
 49.11204126 49.11204126 49.0393554  49.30161432 49.2443985  49.2443985
 49.2443985  49.24959474 49.24959474 49.24959474 49.24959474 49.24959474
 49.24959474 49.48221717 49.24959474 49.00209138 49.00209138 49.24959474
 49.24212597 49.24212597 49.24212597 49.46274081 49.46274081 49.24212597
 49.24212597 49.00555707 49.01635017 49.24897259 49.24897259 49.24897259
 49.46659763 49.46659763 49.25779702 49.04510673 48.82903435 48.82903435
 48.57860828 48.57860828 48.82903435 48.57860828 48.57860828 48.34841997
 48.07102289 48.11581714 48.38897466 48.38897466 48.38897466 48.61012684
 48.61012684 48.82903435 48.82903435 48.82903435 48.82903435 49.06382534
 49.0860105  49.05014686 49.05014686 48.83109738 48.86231868 49.07628616
 49.07628616 49.05014686 49.07628616 49.07628616 49.07628616 49.08345366
 49.27073304 49.44199954 49.59717814 49.58788004 49.73303159 49.76708098
 49.61190238 49.61190238 49.61190238 49.81623546 49.81837275 49.64496897
 49.81837275 49.97942571 49.97942571 50.12457727 50.12457727 50.25376256
 50.25376256 50.04115587 49.91197057 49.91197057 49.91197057 49.76681902
 49.81623546 49.64496897 49.64496897 49.81837275 49.81837275 49.97942571
 50.12457727 50.14014129 50.29788711 50.42355471 50.42355471 50.42355471
 50.33517588 50.33517588 50.33517588 50.1965275  50.1965275  50.30661535
 50.30661535 50.17483512 50.05529588 50.05529588 49.91998223 50.05529588
 49.91197057 50.04115587 49.91197057 49.91197057 49.91197057 50.05529588
 49.91998223 49.91197057 49.91197057 49.91998223 49.87609494 50.01732656
 50.01732656 50.13354277 50.01732656 50.01732656 50.13354277 50.13354277
 50.00176254 49.87609494 49.73490692 49.51882207 49.35682931 49.35682931
 49.35682931 49.51882207 49.49788417 49.49788417 49.63504158 49.7971675
 49.7971675  49.7971675  49.66562553 49.52230023 49.52843655 49.37741063
 49.40143297 49.40143297 49.60576605 49.60576605 49.84676763 49.84676763
 49.84676763 49.66988569 49.84676763 49.66988569 49.66988569 49.66988569
 49.85084183 49.65479969 49.65479969 49.65479969 49.65479969 49.46748436
 49.47089572 49.41369538 49.41369538 49.42005457 49.42005457 49.42005457
 49.60101071 49.77862148 49.60151967 49.40939728 49.40939728 49.40939728
 49.40939728 49.40939728 49.60151967 49.60151967 49.7853478  49.7853478
 49.7853478  49.7853478  49.60343894 49.60343894 49.60151967 49.60151967
 49.60151967 49.40939728 49.20235111 49.20235111 48.98048652 48.9935505
 49.20235111 48.9935505  48.75345931 48.76062681 48.76062681 48.53481574
 48.53481574 48.73644885 48.73644885 48.73644885 48.73644885 48.73644885
 48.96225992 48.96225992 48.73644885 48.95146681 48.72200893 48.72200893
 48.47845294 48.22093601 48.22093601 48.24174269 48.22093601 48.47845294
 48.72200893 48.72200893 48.72200893 48.49623313 48.26574023 48.29460002
 48.32212545 48.07097528 47.80537609 47.52546962 47.80537609 47.7714839
 47.7714839  47.7714839  47.7714839  47.7417547  47.48887226 47.48887226
 47.7714839  47.7714839  47.7714839  47.52546962 47.52546962 47.23140732
 47.19243408 47.23140732 46.96987636 46.65003578 46.65003578 46.92335075
 47.15708896 47.46276963 47.72023457 47.97311701 47.69050537 47.39406718
 47.39406718 47.69050537 47.97311701 48.01308554 48.01308554 48.01308554
 48.04194533 47.78172324 47.8335324  47.62274358 47.43080225 47.43080225
 47.68450407 47.68450407 47.49256274 47.27300429 47.20030935 47.24132089
 47.46494563 47.29210429 47.39049067 47.49423769 47.24960179 47.21243021
 47.21243021 47.33102296 47.53546206 47.46787197 47.46787197 47.46787197
 47.23150772 46.98396935 46.92220886 46.92220886 46.65276949 46.37241076
 46.08137098 45.77990367 45.77990367 45.77990367 45.4682784  45.4682784
 45.7560441  45.93016933 45.95402891 45.95402891 45.98494576 46.27598554
 46.27598554 46.27598554 46.27598554 46.52380454 46.52380454 46.52380454
 46.27598554]