[0.82674637 0.82674637 0.79504028 0.79504028 0.7601675  0.7601675
 0.79504028 0.7601675  0.72192809 0.72192809 0.72192809 0.72192809
 0.72192809 0.72192809 0.72192809 0.72192809 0.7601675  0.7601675
 0.72192809 0.72192809 0.72192809 0.68007705 0.68007705 0.68007705
 0.63430955 0.63430955 0.63430955 0.63430955 0.58423881 0.63430955
 0.63430955 0.58423881 0.52936087 0.52936087 0.46899559 0.52936087
 0.58423881 0.58423881 0.63430955 0.63430955 0.63430955 0.63430955
 0.68007705 0.72192809 0.72192809 0.72192809 0.7601675  0.7601675
 0.7601675  0.7601675  0.7601675  0.79504028 0.82674637 0.82674637
 0.82674637 0.85545081 0.82674637 0.82674637 0.82674637 0.82674637
 0.82674637 0.85545081 0.85545081 0.85545081 0.85545081 0.85545081
 0.82674637 0.82674637 0.82674637 0.82674637 0.82674637 0.82674637
 0.82674637 0.82674637 0.82674637 0.82674637 0.82674637 0.85545081
 0.85545081 0.82674637 0.82674637 0.82674637 0.82674637 0.82674637
 0.82674637 0.79504028 0.79504028 0.79504028 0.7601675  0.7601675
 0.7601675  0.79504028 0.7601675  0.7601675  0.79504028 0.79504028
 0.7601675  0.7601675  0.7601675  0.7601675  0.7601675  0.72192809
 0.68007705 0.68007705 0.68007705 0.63430955 0.68007705 0.68007705
 0.68007705 0.72192809 0.72192809 0.68007705 0.72192809 0.7601675
 0.79504028 0.82674637 0.82674637 0.85545081 0.85545081 0.85545081
 0.85545081 0.85545081 0.85545081 0.8812909  0.8812909  0.8812909
 0.85545081 0.85545081 0.85545081 0.85545081 0.82674637 0.82674637
 0.82674637 0.82674637 0.82674637 0.82674637 0.79504028 0.82674637
 0.85545081 0.8812909  0.8812909  0.8812909  0.8812909  0.85545081
 0.82674637 0.82674637 0.82674637 0.85545081 0.85545081 0.8812909
 0.8812909  0.8812909  0.8812909  0.90438146 0.90438146 0.90438146
 0.90438146 0.90438146 0.90438146 0.8812909  0.8812909  0.8812909
 0.85545081 0.85545081 0.82674637 0.79504028 0.82674637 0.79504028
 0.82674637 0.82674637 0.82674637 0.85545081 0.85545081 0.85545081
 0.85545081 0.85545081 0.8812909  0.8812909  0.90438146 0.90438146
 0.9248187  0.94268319 0.94268319 0.95804202 0.97095059 0.97095059
 0.97095059 0.97095059 0.95804202 0.94268319 0.94268319 0.94268319
 0.94268319 0.94268319 0.94268319 0.95804202 0.95804202 0.94268319
 0.95804202 0.94268319 0.95804202 0.95804202 0.97095059 0.97095059
 0.97095059 0.97095059 0.95804202 0.95804202 0.95804202 0.97095059
 0.97095059 0.97095059 0.97095059 0.95804202 0.97095059 0.97095059
 0.97095059 0.97095059 0.95804202 0.95804202 0.95804202 0.94268319
 0.94268319 0.9248187  0.9248187  0.9248187  0.90438146 0.8812909
 0.85545081 0.8812909  0.8812909  0.8812909  0.8812909  0.85545081
 0.82674637 0.82674637 0.82674637 0.79504028 0.82674637 0.85545081
 0.8812909  0.85545081 0.85545081 0.8812909  0.8812909  0.8812909
 0.90438146 0.90438146 0.8812909  0.8812909  0.85545081 0.85545081
 0.82674637 0.82674637 0.85545081 0.8812909  0.90438146 0.9248187
 0.9248187  0.90438146 0.90438146 0.9248187  0.94268319 0.94268319
 0.94268319 0.95804202 0.94268319 0.95804202 0.97095059 0.9814539
 0.98958752 0.99537844 0.99537844 0.99537844 0.99884554 1.
 0.99884554 0.99884554 0.99884554 0.99884554 1.         0.99884554
 1.         0.99884554 0.99884554 0.99537844 0.98958752 0.98958752
 0.99537844 0.99537844 0.99537844 0.99537844 0.98958752 0.99537844
 0.98958752 0.99537844 0.99537844 0.99537844 0.98958752 0.98958752
 0.98958752 0.98958752 0.98958752 0.99537844 0.99884554 1.
 1.         1.         1.         0.99884554 0.99884554 1.
 0.99884554 1.         0.99884554 0.99537844 0.99884554 0.99537844
 0.98958752 0.9814539  0.9814539  0.97095059 0.9814539  0.9814539
 0.97095059 0.97095059 0.95804202 0.97095059 0.97095059 0.97095059
 0.97095059 0.9814539  0.97095059 0.95804202 0.95804202 0.94268319
 0.9248187  0.9248187  0.94268319 0.9248187  0.90438146 0.90438146
 0.90438146 0.90438146 0.90438146 0.90438146 0.8812909  0.90438146
 0.90438146 0.90438146 0.90438146 0.90438146 0.90438146 0.90438146
 0.90438146 0.90438146 0.8812909  0.85545081 0.8812909  0.85545081
 0.85545081 0.85545081 0.85545081 0.82674637 0.85545081 0.8812909
 0.85545081 0.8812909  0.90438146 0.90438146 0.90438146 0.90438146
 0.8812909  0.8812909  0.8812909  0.85545081 0.8812909  0.8812909
 0.90438146 0.90438146 0.90438146 0.90438146 0.90438146 0.9248187
 0.94268319 0.94268319 0.94268319 0.94268319 0.9248187  0.94268319
 0.95804202 0.95804202 0.94268319 0.94268319 0.94268319 0.94268319
 0.94268319 0.9248187  0.90438146 0.9248187  0.94268319 0.95804202
 0.97095059 0.97095059 0.9814539  0.98958752 0.99537844 0.99884554
 0.99537844 0.99884554 0.99884554 1.         1.         1.
 1.         0.99884554 0.99884554 0.99884554 0.99884554 1.
 1.         0.99884554 0.99884554 0.99537844 0.99537844 0.99537844
 0.99537844 0.99537844 0.99537844 0.99884554 0.99537844 0.99884554
 0.99884554 1.         1.         1.         0.99884554 0.99537844
 0.99537844 0.99884554 0.99884554 0.99884554 0.99884554 0.99884554
 1.         1.         1.         0.99884554 0.99537844 0.99884554
 0.99884554 1.         1.         0.99884554 0.99884554 1.
 1.         0.99884554 1.         1.         1.         0.99884554
 0.99884554 1.         0.99884554 0.99884554 0.99884554 0.99537844
 0.99537844 0.99537844 0.99537844 0.99537844 0.99537844 0.99537844
 0.99537844 0.99537844 0.99537844 0.99537844 0.98958752 0.98958752
 0.9814539  0.9814539  0.98958752 0.98958752 0.9814539  0.9814539
 0.9814539  0.97095059 0.97095059 0.97095059 0.97095059 0.9814539
 0.9814539  0.9814539  0.9814539  0.9814539  0.9814539  0.97095059
 0.95804202 0.97095059 0.97095059 0.97095059 0.97095059 0.95804202
 0.94268319 0.95804202 0.95804202 0.95804202 0.94268319 0.9248187
 0.9248187  0.9248187  0.9248187  0.90438146 0.90438146 0.90438146
 0.90438146 0.9248187  0.90438146 0.90438146 0.8812909  0.85545081
 0.85545081 0.82674637 0.82674637 0.82674637 0.79504028 0.7601675
 0.7601675  0.7601675  0.7601675  0.79504028 0.7601675  0.7601675
 0.7601675  0.7601675  0.7601675  0.7601675  0.7601675  0.7601675
 0.72192809 0.72192809 0.7601675  0.79504028 0.82674637 0.82674637
 0.85545081 0.8812909  0.8812909  0.8812909  0.85545081 0.8812909
 0.8812909  0.90438146 0.90438146 0.8812909  0.85545081 0.85545081
 0.8812909  0.8812909  0.90438146 0.90438146 0.9248187  0.94268319
 0.95804202 0.95804202 0.97095059 0.95804202 0.95804202 0.95804202
 0.95804202 0.95804202 0.95804202 0.95804202 0.97095059 0.9814539
 0.98958752 0.98958752 0.99537844 0.99537844 0.99537844 0.98958752
 0.99537844 0.99884554 0.99884554 1.         1.         1.
 0.99884554 0.99884554 0.99884554 1.         0.99884554 0.99537844
 0.98958752 0.98958752 0.9814539  0.97095059 0.97095059 0.95804202
 0.95804202 0.94268319 0.9248187  0.90438146 0.90438146 0.90438146
 0.90438146 0.90438146 0.8812909  0.8812909  0.85545081 0.85545081
 0.85545081 0.85545081 0.82674637 0.85545081 0.85545081 0.85545081
 0.8812909  0.85545081 0.85545081 0.8812909  0.8812909  0.8812909
 0.8812909  0.8812909  0.8812909  0.90438146 0.90438146 0.9248187
 0.94268319 0.95804202 0.94268319 0.94268319 0.95804202 0.94268319
 0.9248187  0.9248187  0.9248187  0.9248187  0.9248187  0.9248187
 0.9248187  0.9248187  0.9248187  0.9248187  0.94268319 0.95804202
 0.95804202 0.97095059 0.97095059 0.97095059 0.97095059 0.97095059
 0.97095059 0.97095059 0.97095059 0.9814539  0.98958752 0.99537844
 0.99884554 1.         0.99884554 0.99537844 0.99537844]