[0.78377695 0.78377695 0.77215514 0.77215514 0.7601675  0.7601675
 0.77215514 0.7601675  0.74780616 0.7601675  0.7601675  0.7601675
 0.77215514 0.78377695 0.79504028 0.80595204 0.80595204 0.81651871
 0.80595204 0.80595204 0.80595204 0.79504028 0.79504028 0.80595204
 0.79504028 0.79504028 0.78377695 0.79504028 0.78377695 0.78377695
 0.77215514 0.7601675  0.74780616 0.74780616 0.73506269 0.73506269
 0.73506269 0.74780616 0.7601675  0.77215514 0.77215514 0.78377695
 0.78377695 0.78377695 0.78377695 0.78377695 0.78377695 0.79504028
 0.79504028 0.80595204 0.80595204 0.80595204 0.80595204 0.81651871
 0.81651871 0.81651871 0.81651871 0.81651871 0.81651871 0.81651871
 0.81651871 0.81651871 0.81651871 0.82674637 0.82674637 0.82674637
 0.82674637 0.82674637 0.83664074 0.83664074 0.83664074 0.8462072
 0.8462072  0.85545081 0.85545081 0.85545081 0.85545081 0.86437634
 0.87298829 0.86437634 0.86437634 0.87298829 0.87298829 0.8812909
 0.88928815 0.8812909  0.87298829 0.8812909  0.87298829 0.87298829
 0.87298829 0.8812909  0.87298829 0.86437634 0.86437634 0.87298829
 0.86437634 0.86437634 0.87298829 0.87298829 0.8812909  0.87298829
 0.87298829 0.8812909  0.8812909  0.87298829 0.87298829 0.87298829
 0.87298829 0.8812909  0.8812909  0.87298829 0.87298829 0.87298829
 0.8812909  0.8812909  0.88928815 0.88928815 0.88928815 0.88928815
 0.88928815 0.88928815 0.88928815 0.88928815 0.88928815 0.88928815
 0.8812909  0.87298829 0.87298829 0.8812909  0.8812909  0.88928815
 0.88928815 0.88928815 0.88928815 0.88928815 0.8812909  0.8812909
 0.88928815 0.89698382 0.90438146 0.89698382 0.89698382 0.89698382
 0.88928815 0.89698382 0.90438146 0.90438146 0.90438146 0.90438146
 0.90438146 0.90438146 0.90438146 0.91148441 0.91829583 0.9248187
 0.9248187  0.93105582 0.93105582 0.9248187  0.9248187  0.93105582
 0.93105582 0.9248187  0.9248187  0.9248187  0.9248187  0.9248187
 0.93105582 0.93700983 0.94268319 0.94807824 0.94807824 0.94268319
 0.94807824 0.95319717 0.95804202 0.95319717 0.95319717 0.95804202
 0.95804202 0.95804202 0.96261471 0.96691701 0.96691701 0.97095059
 0.974717   0.97095059 0.96691701 0.96691701 0.97095059 0.96691701
 0.97095059 0.97095059 0.974717   0.974717   0.97821767 0.974717
 0.97821767 0.974717   0.974717   0.974717   0.974717   0.97095059
 0.97095059 0.97095059 0.97095059 0.974717   0.974717   0.97821767
 0.97821767 0.97821767 0.97821767 0.97821767 0.97821767 0.97821767
 0.97821767 0.97821767 0.974717   0.974717   0.97821767 0.974717
 0.97821767 0.974717   0.974717   0.97821767 0.974717   0.974717
 0.97095059 0.974717   0.97095059 0.97095059 0.97095059 0.96691701
 0.96261471 0.96261471 0.96261471 0.95804202 0.96261471 0.96261471
 0.96261471 0.95804202 0.96261471 0.96261471 0.96691701 0.96261471
 0.96261471 0.96691701 0.96691701 0.96691701 0.96261471 0.96261471
 0.95804202 0.95319717 0.95319717 0.95319717 0.95319717 0.95319717
 0.95804202 0.95319717 0.95319717 0.95319717 0.95319717 0.95319717
 0.95319717 0.95804202 0.95319717 0.95804202 0.96261471 0.96261471
 0.96691701 0.96691701 0.96691701 0.96691701 0.96691701 0.96691701
 0.97095059 0.974717   0.97821767 0.97821767 0.974717   0.974717
 0.974717   0.97821767 0.9814539  0.9814539  0.9814539  0.9814539
 0.97821767 0.97821767 0.97821767 0.97821767 0.97821767 0.974717
 0.97821767 0.974717   0.97095059 0.97095059 0.97095059 0.974717
 0.97821767 0.9814539  0.9844269  0.9814539  0.9814539  0.9814539
 0.9814539  0.9814539  0.9814539  0.9844269  0.9844269  0.9844269
 0.9814539  0.9814539  0.9814539  0.97821767 0.97821767 0.97821767
 0.97821767 0.97821767 0.97821767 0.97821767 0.97821767 0.9814539
 0.97821767 0.974717   0.974717   0.97821767 0.9814539  0.97821767
 0.9814539  0.9814539  0.97821767 0.974717   0.97821767 0.974717
 0.974717   0.97821767 0.97821767 0.974717   0.974717   0.974717
 0.97095059 0.97095059 0.96691701 0.96691701 0.96261471 0.96691701
 0.96691701 0.96691701 0.97095059 0.97095059 0.974717   0.97821767
 0.9814539  0.9814539  0.9814539  0.97821767 0.9814539  0.9814539
 0.9814539  0.9814539  0.9814539  0.9814539  0.9814539  0.9814539
 0.97821767 0.97821767 0.9814539  0.9844269  0.9844269  0.98713777
 0.9844269  0.98713777 0.98713777 0.9844269  0.98713777 0.98713777
 0.98713777 0.9844269  0.9844269  0.9814539  0.9844269  0.9844269
 0.9844269  0.9844269  0.98713777 0.98713777 0.9844269  0.9844269
 0.98713777 0.98958752 0.98713777 0.98713777 0.9844269  0.9844269
 0.9844269  0.9814539  0.97821767 0.9814539  0.9844269  0.9844269
 0.98713777 0.98713777 0.98713777 0.98958752 0.99177703 0.99177703
 0.98958752 0.98958752 0.98958752 0.98958752 0.98958752 0.98958752
 0.98713777 0.9844269  0.9844269  0.9844269  0.9814539  0.9844269
 0.9814539  0.9814539  0.9814539  0.9814539  0.9814539  0.9814539
 0.97821767 0.974717   0.97095059 0.96691701 0.96691701 0.96691701
 0.96691701 0.96261471 0.95804202 0.95804202 0.96261471 0.96261471
 0.96261471 0.95804202 0.95319717 0.95804202 0.96261471 0.96691701
 0.96691701 0.96691701 0.97095059 0.974717   0.974717   0.974717
 0.97095059 0.97095059 0.97095059 0.974717   0.97095059 0.96691701
 0.96261471 0.95804202 0.96261471 0.95804202 0.96261471 0.95804202
 0.96261471 0.96691701 0.96691701 0.96691701 0.97095059 0.96691701
 0.96261471 0.96261471 0.95804202 0.95319717 0.95319717 0.94807824
 0.95319717 0.95804202 0.95804202 0.95319717 0.95319717 0.95319717
 0.94807824 0.94807824 0.95319717 0.95804202 0.95319717 0.95804202
 0.95804202 0.95319717 0.95804202 0.95804202 0.95319717 0.95319717
 0.95319717 0.95319717 0.95319717 0.95319717 0.95319717 0.94807824
 0.94268319 0.94268319 0.93700983 0.93700983 0.93105582 0.9248187
 0.91829583 0.91829583 0.91148441 0.91148441 0.90438146 0.89698382
 0.89698382 0.89698382 0.90438146 0.90438146 0.90438146 0.91148441
 0.91829583 0.91829583 0.91829583 0.91148441 0.90438146 0.90438146
 0.90438146 0.89698382 0.90438146 0.91148441 0.91148441 0.91148441
 0.91829583 0.9248187  0.93105582 0.93700983 0.93105582 0.93700983
 0.94268319 0.94268319 0.93700983 0.93700983 0.94268319 0.94268319
 0.93700983 0.93105582 0.93105582 0.93105582 0.93105582 0.93105582
 0.93700983 0.94268319 0.94268319 0.94268319 0.93700983 0.93700983
 0.93105582 0.93105582 0.93105582 0.9248187  0.91829583 0.9248187
 0.93105582 0.93700983 0.94268319 0.94807824 0.94807824 0.94807824
 0.94807824]